

TREE # 1

  0  0.0000  61266.494024  x:  0.78274   0.00068   0.04467   0.00000   0.13614   0.03139   0.05388   0.04134   0.03640   0.02028   0.05835   0.07274   0.10885   0.13289   0.01029   0.02698   0.24369   0.19180   0.14901   0.03614   0.14336   0.01390   0.09376   0.07207   0.03566   0.06270   0.01611   0.01361   0.06098   0.11110   0.09319   0.01167   0.02891   0.79004   2.03649   1.86508   1.90600  
  1 99.0000  60967.750332  x:  0.78551   0.01922   0.04892   0.12939   0.13745   0.02791   0.05258   0.04115   0.03080   0.01799   0.05557   0.07750   0.11064   0.13458   0.00459   0.01910   0.24518   0.19247   0.15038   0.03704   0.14349   0.01852   0.09680   0.07276   0.03791   0.06064   0.00708   0.00438   0.06069   0.11323   0.09443   0.00756   0.02236   0.79282   2.03890   1.85741   1.90549  
  2 42137.1667  60903.096895  x:  0.78676   0.02192   0.04921   0.12895   0.13736   0.02660   0.05204   0.04112   0.02849   0.01734   0.05432   0.07866   0.11139   0.13528   0.00377   0.01573   0.24532   0.19256   0.15042   0.03740   0.14352   0.01958   0.09803   0.07305   0.03874   0.05973   0.00291   0.00000   0.06046   0.11413   0.09498   0.00679   0.01964   0.79407   2.04004   1.85379   1.90528  
  3 6851.5240  60874.414104  x:  0.78802   0.02331   0.04939   0.12885   0.13727   0.02589   0.05167   0.04115   0.02692   0.01742   0.05339   0.07958   0.11202   0.13589   0.00680   0.01339   0.24546   0.19259   0.15020   0.03759   0.14350   0.01974   0.09898   0.07324   0.03917   0.05897   0.00000   0.00000   0.06021   0.11487   0.09543   0.00803   0.01787   0.79533   2.04121   1.84998   1.90507  
  4 14309.0294  60773.101443  x:  0.79479   0.03189   0.05045   0.12806   0.13678   0.02160   0.04955   0.04124   0.01793   0.01724   0.04812   0.08471   0.11546   0.13923   0.01974   0.00000   0.24618   0.19282   0.14925   0.03875   0.14344   0.02131   0.10430   0.07434   0.04179   0.05477   0.00009   0.00000   0.05890   0.11900   0.09793   0.01297   0.00761   0.80210   2.04750   1.82972   1.90397  
  5 27776.1634  60731.346113  x:  0.79886   0.03733   0.05109   0.12753   0.13648   0.01896   0.04826   0.04128   0.01257   0.01690   0.04494   0.08783   0.11753   0.14127   0.02551   0.00128   0.24662   0.19297   0.14873   0.03947   0.14341   0.02252   0.10753   0.07501   0.04344   0.05224   0.00013   0.00000   0.05812   0.12149   0.09944   0.01488   0.00157   0.80617   2.05128   1.81754   1.90330  
  6 21385.8847  60646.573672  x:  0.80969   0.05034   0.05260   0.12620   0.13571   0.01379   0.04532   0.04145   0.00325   0.01635   0.03755   0.09554   0.12264   0.14637   0.03380   0.00261   0.24775   0.19328   0.14703   0.04112   0.14331   0.02518   0.11547   0.07659   0.04720   0.04616   0.00018   0.00000   0.05616   0.12772   0.10320   0.01738   0.00922   0.81699   2.06138   1.78480   1.90153  
  7 15136.6410  60420.793734  x:  0.84534   0.08979   0.05702   0.12215   0.13315   0.00330   0.03715   0.04232   0.02076   0.01682   0.01682   0.11935   0.13846   0.16239   0.05341   0.00501   0.25138   0.19411   0.14058   0.04588   0.14288   0.03221   0.13992   0.08122   0.05793   0.02813   0.00031   0.00000   0.04998   0.14715   0.11477   0.02048   0.01984   0.85265   2.09484   1.67591   1.89571  
  8 29022.9469  60145.960721  x:  0.90028   0.14545   0.06276   0.11647   0.12932   0.03603   0.02862   0.04391   0.03429   0.01735   0.00492   0.15299   0.16078   0.18531   0.07645   0.00741   0.25677   0.19497   0.12901   0.05199   0.14204   0.03984   0.17436   0.08720   0.07162   0.00824   0.00045   0.00000   0.04131   0.17480   0.13090   0.02021   0.03018   0.90758   2.14677   1.50557   1.88678  
  9 49993.4365  57633.066716  x:  1.19964   0.43143   0.08951   0.08716   0.10999   0.10364   0.00458   0.05115   0.09411   0.01802   0.10878   0.32413   0.27336   0.30217   0.19246   0.01852   0.28511   0.19782   0.05874   0.08084   0.13688   0.06923   0.34907   0.11570   0.13775   0.04359   0.00111   0.00000   0.00000   0.31560   0.21122   0.01136   0.07847   1.20694   2.43167   0.56269   1.83824  
 10 70811.9946  57633.066716  x:  1.19964   0.43143   0.08951   0.08716   0.10999   0.10364   0.00458   0.05115   0.09411   0.01802   0.10878   0.32413   0.27336   0.30217   0.19246   0.01852   0.28511   0.19782   0.05874   0.08084   0.13688   0.06923   0.34907   0.11570   0.13775   0.04359   0.00111   0.00000   0.00000   0.31560   0.21122   0.01136   0.07847   1.20694   2.43167   0.56269   1.83824  
 11 336243857.8007  57500.329762  x:  1.19977   0.43083   0.08915   0.08670   0.11004   0.10261   0.01233   0.05149   0.09284   0.01772   0.10791   0.32340   0.27267   0.30152   0.19099   0.01709   0.28503   0.19768   0.05791   0.08064   0.13689   0.06850   0.34825   0.11516   0.13685   0.04340   0.00000   0.00000   0.00285   0.31494   0.21068   0.01052   0.07710   1.20708   2.43197   0.55914   1.83824  
 12 18512.1866  56833.058087  x:  1.20144   0.42364   0.08480   0.08117   0.11064   0.09030   0.10437   0.05555   0.07758   0.01416   0.09754   0.31467   0.26449   0.29379   0.17341   0.00000   0.28409   0.19602   0.04792   0.07826   0.13707   0.05973   0.33843   0.10874   0.12604   0.04112   0.00375   0.00000   0.03671   0.30701   0.20433   0.00047   0.06078   1.20874   2.43558   0.51670   1.83814  
 13 896856.3368  54686.193521  x:  1.20826   0.39374   0.06854   0.06059   0.11359   0.03763   0.13833   0.04109   0.01789   0.00941   0.05635   0.28001   0.23219   0.26352   0.10208   0.00000   0.28122   0.19017   0.00599   0.05888   0.13716   0.02674   0.29911   0.08475   0.08386   0.03552   0.00511   0.00000   0.05956   0.27303   0.17630   0.09729   0.00000   1.21556   2.44988   0.33709   1.83784  
 14 15573.2858  54354.711253  x:  1.20935   0.38967   0.06673   0.05829   0.11439   0.03143   0.13963   0.03979   0.01261   0.01251   0.05194   0.27529   0.22787   0.25945   0.09169   0.00000   0.28110   0.18972   0.00000   0.05635   0.13744   0.02345   0.29364   0.08220   0.07860   0.03576   0.00517   0.00000   0.06115   0.26833   0.17252   0.10006   0.00168   1.21665   2.45186   0.30792   1.83781  
 15 48928.2870  53897.289522  x:  1.21094   0.38401   0.06436   0.05527   0.11563   0.02330   0.14060   0.03827   0.00717   0.01621   0.04632   0.26871   0.22187   0.25381   0.07695   0.00000   0.28103   0.18921   0.00000   0.05289   0.13792   0.01936   0.28598   0.07891   0.07146   0.03635   0.00521   0.00000   0.06302   0.26174   0.16725   0.10166   0.00000   1.21824   2.45463   0.26546   1.83778  
 16 775868.1893  52619.084305  x:  1.21636   0.36568   0.05685   0.04576   0.11987   0.00000   0.14647   0.03442   0.00623   0.01706   0.02996   0.24744   0.20253   0.23559   0.02871   0.00000   0.28108   0.18776   0.00000   0.04213   0.13962   0.00727   0.26104   0.06857   0.04883   0.03767   0.00546   0.00000   0.07060   0.24034   0.15032   0.11526   0.00140   1.22367   2.46365   0.12459   1.83766  
 17 446587.8224  52483.931052  x:  1.21777   0.36129   0.05510   0.04356   0.12102   0.00748   0.14810   0.03395   0.00371   0.01877   0.02709   0.24237   0.19791   0.23124   0.01726   0.00000   0.28117   0.18747   0.00000   0.03960   0.14008   0.00476   0.25504   0.06613   0.04356   0.03796   0.00553   0.00000   0.07258   0.23520   0.14627   0.11958   0.00163   1.22508   2.46582   0.09343   1.83763  
 18 71615.3422  52436.371679  x:  1.22081   0.35640   0.05405   0.04234   0.12363   0.00761   0.14879   0.03545   0.01006   0.02944   0.02947   0.23675   0.19292   0.22652   0.00575   0.00000   0.28255   0.18824   0.00000   0.03757   0.14153   0.00851   0.24776   0.06487   0.03987   0.03926   0.00558   0.00000   0.07520   0.22903   0.14170   0.12280   0.00029   1.22812   2.46838   0.09197   1.83759  
 19 4865.2223  52427.927327  x:  1.22160   0.35518   0.05382   0.04207   0.12431   0.00762   0.14890   0.03586   0.01139   0.03169   0.03016   0.23534   0.19168   0.22535   0.00330   0.00196   0.28292   0.18845   0.00000   0.03709   0.14190   0.00946   0.24592   0.06460   0.03904   0.03960   0.00559   0.00000   0.07585   0.22748   0.14056   0.12349   0.00000   1.22891   2.46903   0.09165   1.83757  
 20 38732.3564  52245.576221  x:  1.25396   0.31341   0.05160   0.04016   0.15303   0.00436   0.14067   0.05621   0.00420   0.02250   0.06839   0.18705   0.15075   0.18559   0.00492   0.00184   0.30106   0.20125   0.00000   0.02515   0.15713   0.04308   0.18035   0.06389   0.02659   0.05519   0.00546   0.00000   0.09513   0.17289   0.10246   0.12218   0.00149   1.26127   2.49210   0.09058   1.83726  
 21 4497.9418  52153.274383  x:  1.27958   0.28198   0.04938   0.03785   0.17038   0.00725   0.13416   0.05067   0.01336   0.02170   0.05874   0.15256   0.12592   0.15998   0.01779   0.00214   0.31392   0.20975   0.00000   0.02008   0.16242   0.02805   0.13530   0.06143   0.03863   0.05493   0.00528   0.00000   0.10696   0.13740   0.08327   0.11476   0.00098   1.28689   2.51047   0.09592   1.83702  
 22 5675.4004  52112.840732  x:  1.29283   0.26880   0.04966   0.03866   0.17748   0.00825   0.12979   0.04748   0.01159   0.01138   0.05393   0.13988   0.12024   0.15285   0.00570   0.00233   0.32048   0.21426   0.00000   0.02268   0.16415   0.02188   0.12028   0.06446   0.04315   0.05146   0.00515   0.00000   0.11148   0.12700   0.08243   0.10835   0.00198   1.30013   2.51920   0.10180   1.83690  
 23 4904.8651  52053.736627  x:  1.34071   0.23187   0.05354   0.04554   0.19470   0.00770   0.12519   0.04512   0.01122   0.01631   0.05104   0.11472   0.12710   0.15007   0.00865   0.00218   0.34216   0.22903   0.00000   0.04158   0.16757   0.02313   0.10399   0.08592   0.03935   0.03199   0.00509   0.00000   0.12665   0.12225   0.10923   0.11017   0.00138   1.34802   2.54888   0.09785   1.83646  
 24 2142.1870  52005.662891  x:  1.40033   0.19272   0.05419   0.04706   0.20943   0.00699   0.12398   0.04637   0.01032   0.01927   0.04894   0.09851   0.14003   0.15362   0.00772   0.00206   0.36473   0.24291   0.03781   0.03998   0.16795   0.01828   0.10545   0.09309   0.04518   0.05094   0.00512   0.00000   0.13559   0.12447   0.12717   0.11373   0.00106   1.40764   2.58622   0.09440   1.83589  
 25 3360.3044  51912.433579  x:  1.51446   0.12422   0.04978   0.04123   0.22754   0.00706   0.12250   0.04727   0.01102   0.01753   0.04635   0.09521   0.15831   0.16298   0.00728   0.00203   0.39969   0.26060   0.02800   0.01401   0.16588   0.01019   0.12592   0.07864   0.03374   0.05209   0.00508   0.00000   0.13870   0.12959   0.13094   0.11096   0.00101   1.52176   2.65934   0.09343   1.83450  
 26 3422.4321  51850.472133  x:  1.61819   0.09478   0.04839   0.03394   0.23451   0.00642   0.12420   0.04080   0.00824   0.01980   0.03753   0.10704   0.16327   0.16714   0.00529   0.00193   0.42374   0.27171   0.02110   0.03198   0.16402   0.02608   0.14067   0.05825   0.05198   0.05218   0.00512   0.00000   0.13833   0.13144   0.11398   0.11341   0.00107   1.62550   2.72806   0.08706   1.83308  
 27 4673.4398  51744.515749  x:  1.78564   0.11529   0.05376   0.02987   0.23083   0.00539   0.12706   0.04234   0.00816   0.02243   0.04327   0.13605   0.15434   0.16558   0.00429   0.00184   0.44850   0.28111   0.03797   0.05188   0.15738   0.00838   0.14965   0.04453   0.03523   0.03396   0.00515   0.00000   0.12648   0.13467   0.07550   0.11244   0.00099   1.79295   2.84374   0.08256   1.83060  
 28 4780.0835  51619.173299  x:  2.02929   0.16501   0.05080   0.02680   0.21093   0.00516   0.13682   0.03645   0.00647   0.02666   0.02468   0.16129   0.12816   0.15383   0.00229   0.00176   0.46677   0.27988   0.01825   0.04017   0.15377   0.00750   0.14079   0.09070   0.03190   0.05386   0.00536   0.00000   0.10756   0.14403   0.06432   0.11756   0.00092   2.03659   3.01954   0.07435   1.82654  
 29 6731.3969  51559.836011  x:  2.13963   0.19374   0.03803   0.02176   0.18963   0.00390   0.13933   0.03577   0.00507   0.02834   0.03673   0.15986   0.11666   0.14809   0.00079   0.00165   0.45723   0.26419   0.01030   0.03138   0.15268   0.00549   0.12567   0.07535   0.04328   0.05457   0.00540   0.00000   0.10013   0.14663   0.09309   0.11791   0.00069   2.14694   3.10794   0.07008   1.82447  
 30 5110.8155  51529.063010  x:  2.20015   0.21048   0.02890   0.01973   0.17429   0.00485   0.13930   0.03287   0.00584   0.02561   0.02880   0.15593   0.11167   0.14587   0.00245   0.00173   0.44513   0.25011   0.01152   0.02747   0.15270   0.01491   0.11747   0.06094   0.03569   0.05578   0.00537   0.00000   0.09589   0.14594   0.10891   0.11462   0.00080   2.20745   3.16032   0.07050   1.82323  
 31 9680.6539  51499.867689  x:  2.25668   0.21982   0.03390   0.04381   0.15955   0.00473   0.13684   0.04676   0.00564   0.02575   0.02245   0.13915   0.12201   0.15085   0.00220   0.00171   0.41202   0.22398   0.00628   0.02823   0.15685   0.01457   0.11952   0.05355   0.03676   0.05902   0.00533   0.00000   0.09904   0.13430   0.11061   0.11445   0.00077   2.26399   3.22236   0.06974   1.82169  
 32 2322.7553  51474.067655  x:  2.29939   0.22155   0.03535   0.04622   0.14798   0.00482   0.13540   0.03317   0.00603   0.02487   0.03150   0.12237   0.13269   0.15656   0.00261   0.00173   0.37005   0.19624   0.00613   0.02966   0.16063   0.01408   0.12833   0.05955   0.03663   0.05870   0.00529   0.00000   0.10407   0.12394   0.10401   0.11231   0.00086   2.30669   3.28069   0.06962   1.82018  
 33 2887.5814  51461.830646  x:  2.31588   0.21968   0.04001   0.03207   0.15151   0.00478   0.13265   0.04349   0.00604   0.02415   0.02946   0.12019   0.13301   0.15704   0.00266   0.00174   0.33845   0.18704   0.00876   0.02854   0.16233   0.01460   0.13069   0.06456   0.04032   0.05290   0.00523   0.00000   0.10736   0.12741   0.10162   0.11105   0.00090   2.32319   3.31787   0.07008   1.81913  
 34 1262.8598  51449.572402  x:  2.32918   0.21687   0.05487   0.03304   0.16859   0.00487   0.13091   0.03927   0.00641   0.02381   0.03043   0.12725   0.12910   0.15534   0.00295   0.00176   0.30015   0.19082   0.00714   0.02941   0.16331   0.01338   0.12580   0.06142   0.03836   0.05694   0.00520   0.00000   0.11252   0.13832   0.10472   0.11047   0.00089   2.33649   3.36955   0.07036   1.81759  
 35 1092.5350  51442.186180  x:  2.32733   0.21765   0.04272   0.04196   0.17376   0.00478   0.13161   0.03849   0.00612   0.02367   0.03072   0.13467   0.12916   0.15624   0.00277   0.00174   0.28588   0.20353   0.01087   0.02407   0.16183   0.01643   0.12660   0.06363   0.04223   0.05082   0.00521   0.00000   0.11080   0.13611   0.10411   0.11020   0.00091   2.33464   3.42027   0.07025   1.81591  
 36 512.4020  51432.533632  x:  2.32235   0.21747   0.02926   0.04162   0.17391   0.00486   0.13119   0.04256   0.00682   0.02324   0.03220   0.13727   0.13157   0.15833   0.00337   0.00175   0.27951   0.21961   0.00695   0.03240   0.15995   0.01170   0.12829   0.06578   0.03934   0.05696   0.00519   0.00000   0.10932   0.13165   0.10657   0.10954   0.00087   2.32966   3.49836   0.07141   1.81327  
 37 1273.3579  51394.587676  x:  2.28571   0.23145   0.05323   0.03181   0.15583   0.00519   0.13410   0.04335   0.00725   0.02151   0.03463   0.13031   0.14370   0.16711   0.00380   0.00177   0.29855   0.26753   0.00266   0.02669   0.15885   0.01558   0.13828   0.06549   0.04436   0.05586   0.00522   0.00000   0.09859   0.11887   0.11325   0.10751   0.00097   2.29302   3.85475   0.07391   1.80092  
 38 1940.0414  51356.540434  x:  2.24060   0.23295   0.04501   0.04520   0.15897   0.00553   0.12809   0.04510   0.00829   0.01895   0.03958   0.13603   0.13744   0.16374   0.00459   0.00179   0.34936   0.23888   0.00263   0.02667   0.17002   0.01441   0.13871   0.06858   0.04979   0.05312   0.00509   0.00000   0.10920   0.16300   0.10475   0.10291   0.00108   2.24791   4.22830   0.07736   1.78719  
 39 2160.4412  51349.905488  x:  2.23307   0.23722   0.04569   0.04262   0.17698   0.00545   0.12752   0.04529   0.00830   0.01905   0.03948   0.15174   0.14351   0.16890   0.00476   0.00176   0.36221   0.22035   0.00259   0.02573   0.16636   0.01432   0.13577   0.07010   0.05012   0.05420   0.00508   0.00000   0.11089   0.14893   0.11095   0.10262   0.00104   2.24037   4.28963   0.07742   1.78422  
 40 674.4009  51349.434226  x:  2.23290   0.23823   0.04575   0.04317   0.18027   0.00546   0.12782   0.04535   0.00834   0.01896   0.03936   0.14978   0.14012   0.16630   0.00477   0.00177   0.36283   0.21923   0.00253   0.02626   0.16467   0.01437   0.14102   0.06992   0.05006   0.05411   0.00508   0.00000   0.10975   0.14751   0.11265   0.10242   0.00103   2.24021   4.29179   0.07752   1.78300  
 41 56.7652  51344.934489  x:  2.23529   0.24729   0.04182   0.04142   0.19629   0.00543   0.13098   0.04468   0.00821   0.01894   0.03878   0.13428   0.14878   0.16921   0.00456   0.00178   0.36445   0.21971   0.00000   0.02637   0.15950   0.01586   0.13939   0.06779   0.05067   0.05394   0.00511   0.00000   0.09929   0.15390   0.10863   0.10029   0.00111   2.24259   4.29366   0.07746   1.76318  
 42 28.3357  51144.740630  x:  2.28670   0.24599   0.04049   0.04061   0.20785   0.00642   0.12886   0.04229   0.00855   0.02042   0.03664   0.13570   0.15193   0.17100   0.00369   0.00198   0.36094   0.21536   0.00389   0.03476   0.22948   0.01171   0.14318   0.06646   0.04641   0.05223   0.00438   0.00000   0.04498   0.14973   0.11547   0.01283   0.00180   2.29400   4.29798   0.08104   1.11067  
 43 206.3319  51131.922113  x:  2.29091   0.24899   0.04000   0.04012   0.20739   0.00651   0.12402   0.04200   0.00849   0.02052   0.03636   0.13490   0.15265   0.17183   0.00357   0.00200   0.36143   0.21695   0.00341   0.03336   0.22278   0.01252   0.14404   0.06597   0.04645   0.05242   0.00425   0.00000   0.05437   0.15021   0.11476   0.00568   0.00188   2.29821   4.29824   0.08115   1.06198  
 44 2957.8288  51131.013860  x:  2.29094   0.24504   0.04128   0.04133   0.20459   0.00648   0.12539   0.04265   0.00851   0.02046   0.03714   0.13573   0.15097   0.17240   0.00365   0.00200   0.36064   0.21502   0.00392   0.03436   0.21385   0.01306   0.14160   0.06706   0.04628   0.05239   0.00427   0.00000   0.04983   0.15086   0.11455   0.00521   0.00188   2.29824   4.29834   0.08131   1.05781  
 45 147.2843  51129.815143  x:  2.29368   0.24521   0.04124   0.04166   0.20541   0.00648   0.12514   0.04271   0.00845   0.02066   0.03714   0.13361   0.14172   0.18674   0.00368   0.00198   0.36096   0.21529   0.00398   0.03433   0.21393   0.01294   0.14146   0.06714   0.04636   0.05229   0.00427   0.00000   0.05063   0.15059   0.11448   0.00534   0.00188   2.30098   4.29685   0.08127   1.04652  
 46  5.5532  51012.221183  x:  2.54816   0.25582   0.04900   0.04792   0.18233   0.00805   0.11183   0.04719   0.00550   0.02993   0.04408   0.14876   0.15487   0.18050   0.00399   0.00201   0.36312   0.22363   0.00257   0.03074   0.12584   0.02185   0.13757   0.07321   0.04697   0.05264   0.00408   0.00000   0.08258   0.15898   0.11389   0.01153   0.00179   2.55551   4.16060   0.08656   0.00010  
 47 95.0181  50904.267916  x:  2.93680   0.27355   0.05597   0.05132   0.19873   0.00591   0.10068   0.05739   0.00312   0.04121   0.05653   0.16730   0.16170   0.18185   0.00978   0.00207   0.39780   0.26073   0.00000   0.02475   0.17174   0.00848   0.15097   0.08094   0.06141   0.04540   0.00382   0.00000   0.09333   0.16167   0.11440   0.01002   0.00212   2.94386   3.97209   0.07211   0.00010  
 48  1.1206  50765.278283  x:  3.58894   0.28451   0.05527   0.04755   0.21515   0.00969   0.07198   0.04985   0.01123   0.03604   0.05042   0.16923   0.19692   0.20843   0.00514   0.00422   0.43107   0.28790   0.01740   0.04155   0.19257   0.01962   0.16737   0.08490   0.02722   0.03765   0.00311   0.00000   0.10936   0.16852   0.12357   0.00723   0.00667   3.59503   4.35688   0.06438   0.00010  
 49  1.3913  50764.651310  x:  3.59332   0.28458   0.05527   0.04754   0.21524   0.00971   0.07180   0.04981   0.01128   0.03601   0.05039   0.16925   0.19710   0.20857   0.00512   0.00423   0.43129   0.28803   0.01750   0.04163   0.19264   0.01967   0.16745   0.08491   0.02710   0.03762   0.00310   0.00000   0.10944   0.16855   0.12361   0.00721   0.00669   3.59940   4.35912   0.06433   0.05804  
 50 24.8045  50681.191053  x:  4.34220   0.29228   0.05662   0.05413   0.21905   0.01324   0.04720   0.04570   0.01664   0.03392   0.05373   0.18134   0.19944   0.21071   0.00864   0.00516   0.46520   0.28408   0.02264   0.04098   0.16475   0.01396   0.16300   0.08139   0.06626   0.04228   0.00242   0.00000   0.10454   0.16489   0.12311   0.00672   0.00882   4.34842   4.57214   0.05723   0.07109  
 51  0.8148  50653.218706  x:  4.63885   0.28425   0.05492   0.05645   0.21509   0.01614   0.04835   0.04595   0.01645   0.02998   0.05233   0.18821   0.19217   0.20662   0.00706   0.00519   0.46416   0.27521   0.02102   0.04246   0.18244   0.01939   0.15809   0.08214   0.06398   0.04740   0.00235   0.00000   0.08180   0.15943   0.12583   0.00755   0.00906   4.64541   4.60155   0.06383   0.01528  
 52  0.5356  50619.721349  x:  5.03864   0.25475   0.05369   0.05913   0.22238   0.01711   0.04968   0.05134   0.01718   0.01653   0.05271   0.18200   0.18551   0.20010   0.00623   0.00509   0.47599   0.27602   0.03002   0.04640   0.16982   0.02497   0.14809   0.08490   0.05281   0.04912   0.00225   0.00000   0.05227   0.15871   0.12462   0.00981   0.00929   5.04592   4.70360   0.05743   0.02526  
 53  0.7328  50611.750843  x:  5.25923   0.25278   0.05278   0.05820   0.22880   0.01769   0.04335   0.05256   0.01706   0.01658   0.05252   0.17701   0.18799   0.20360   0.00591   0.00488   0.48371   0.28591   0.03495   0.04446   0.16982   0.02495   0.15375   0.08517   0.04640   0.04529   0.00209   0.00000   0.06444   0.16448   0.12366   0.00813   0.00918   5.26626   4.67700   0.05390   0.07439  
 54  0.2223  50604.616504  x:  5.56874   0.24954   0.05187   0.05716   0.23254   0.01923   0.05067   0.05246   0.01630   0.01991   0.05156   0.17536   0.18730   0.20681   0.00570   0.00414   0.48820   0.29228   0.03835   0.04192   0.17286   0.02234   0.15957   0.08456   0.04398   0.04301   0.00218   0.00000   0.06290   0.16833   0.12494   0.00650   0.00814   5.57573   4.62200   0.05350   0.03334  
 55  0.2086  50598.842021  x:  5.97196   0.23758   0.05331   0.05761   0.23194   0.02107   0.05462   0.05148   0.01646   0.01712   0.05111   0.18026   0.18817   0.20591   0.00592   0.00313   0.49659   0.28984   0.04536   0.04213   0.17151   0.01932   0.15538   0.08407   0.04656   0.04708   0.00220   0.00000   0.06565   0.16625   0.12562   0.00823   0.00665   5.97896   4.77771   0.05170   0.07888  
 56  0.2823  50597.653058  x:  6.06862   0.23764   0.05345   0.05772   0.23200   0.02141   0.05393   0.05152   0.01642   0.01739   0.05114   0.18252   0.18946   0.20611   0.00600   0.00286   0.49890   0.29022   0.04699   0.04139   0.17241   0.01939   0.15534   0.08429   0.04805   0.04668   0.00216   0.00000   0.07023   0.16534   0.12521   0.00845   0.00622   6.07558   4.83055   0.05119   0.04338  
 57  0.1794  50597.273783  x:  6.10698   0.23898   0.05306   0.05767   0.23343   0.02143   0.05399   0.05183   0.01629   0.01812   0.05102   0.18257   0.19134   0.20705   0.00594   0.00266   0.49989   0.29217   0.04930   0.04097   0.17282   0.02044   0.15643   0.08442   0.04885   0.04508   0.00213   0.00000   0.07247   0.16520   0.12458   0.00836   0.00586   6.11395   4.86345   0.05115   0.05159  
 58  0.0461  50596.942794  x:  6.12382   0.23840   0.05274   0.05807   0.23416   0.02120   0.05397   0.05207   0.01637   0.01756   0.05068   0.18223   0.19257   0.20759   0.00579   0.00254   0.49961   0.29371   0.05331   0.04173   0.17192   0.02192   0.15667   0.08472   0.04827   0.04507   0.00206   0.00000   0.07159   0.16516   0.12425   0.00842   0.00554   6.13085   4.89604   0.05120   0.03717  
 59  0.0192  50596.220592  x:  6.06634   0.23346   0.05310   0.05946   0.23184   0.02002   0.05434   0.05246   0.01694   0.01748   0.05051   0.18406   0.19156   0.20721   0.00593   0.00251   0.49605   0.29392   0.06175   0.04351   0.17064   0.02341   0.15595   0.08589   0.04738   0.04658   0.00189   0.00000   0.06737   0.16504   0.12424   0.00854   0.00510   6.07353   4.90299   0.05131   0.04746  
 60  0.0297  50595.160929  x:  6.00907   0.22403   0.05355   0.06049   0.22819   0.01855   0.05380   0.05178   0.01792   0.01822   0.05038   0.18606   0.18951   0.20652   0.00642   0.00245   0.49187   0.29144   0.07517   0.04372   0.17027   0.02244   0.15491   0.08608   0.04838   0.04620   0.00160   0.00000   0.06678   0.16569   0.12452   0.00863   0.00444   6.01644   4.87792   0.05199   0.02923  
 61  0.0407  50594.182452  x:  6.01073   0.20920   0.05350   0.06017   0.22755   0.01743   0.05280   0.05102   0.01877   0.01789   0.05070   0.18595   0.18759   0.20607   0.00678   0.00242   0.49130   0.28858   0.08929   0.04252   0.17182   0.02043   0.15463   0.08502   0.04848   0.04485   0.00130   0.00000   0.06879   0.16651   0.12459   0.00866   0.00408   6.01816   4.83443   0.05185   0.04192  
 62  0.0341  50593.017969  x:  6.03290   0.18996   0.05253   0.05877   0.23210   0.01611   0.05231   0.05136   0.01938   0.01706   0.05203   0.18292   0.18822   0.20647   0.00679   0.00249   0.49415   0.28800   0.10917   0.04128   0.17413   0.02010   0.15575   0.08312   0.04729   0.04495   0.00090   0.00000   0.07047   0.16640   0.12396   0.00892   0.00404   6.04033   4.80574   0.05136   0.03055  
 63  0.0292  50591.693827  x:  6.03974   0.16927   0.05154   0.05650   0.23795   0.01524   0.05365   0.05234   0.01927   0.01682   0.05404   0.18028   0.19098   0.20750   0.00637   0.00275   0.49935   0.28966   0.12736   0.04021   0.17503   0.02161   0.15772   0.08240   0.04711   0.04627   0.00057   0.00000   0.07189   0.16462   0.12332   0.00921   0.00472   6.04703   4.81207   0.05138   0.04059  
 64  0.0193  50590.840359  x:  6.03357   0.15783   0.05162   0.05612   0.23671   0.01498   0.05559   0.05212   0.01896   0.01732   0.05442   0.18154   0.19220   0.20783   0.00610   0.00287   0.50011   0.29101   0.13895   0.04021   0.17282   0.02244   0.15781   0.08408   0.04841   0.04613   0.00036   0.00000   0.07187   0.16394   0.12399   0.00903   0.00513   6.04088   4.85062   0.05199   0.03278  
 65  0.0335  50590.370151  x:  6.04714   0.16107   0.05243   0.05692   0.23272   0.01597   0.05699   0.05151   0.01810   0.01788   0.05373   0.18356   0.19163   0.20738   0.00593   0.00291   0.49925   0.29192   0.13439   0.04064   0.17111   0.02195   0.15661   0.08583   0.04899   0.04552   0.00047   0.00000   0.07145   0.16471   0.12512   0.00846   0.00560   6.05447   4.87787   0.05183   0.03648  
 66  0.0277  50590.084148  x:  6.04324   0.15328   0.05269   0.05750   0.23105   0.01579   0.05682   0.05121   0.01786   0.01784   0.05356   0.18362   0.19066   0.20681   0.00591   0.00294   0.49789   0.29138   0.14371   0.04079   0.17154   0.02127   0.15569   0.08580   0.04860   0.04539   0.00027   0.00000   0.07154   0.16545   0.12547   0.00816   0.00575   6.05059   4.87497   0.05173   0.03675  
 67  0.0134  50589.837178  x:  6.03228   0.15899   0.05282   0.05837   0.23061   0.01665   0.05618   0.05124   0.01691   0.01778   0.05283   0.18230   0.18977   0.20603   0.00582   0.00290   0.49578   0.29056   0.14084   0.04113   0.17278   0.02050   0.15489   0.08477   0.04790   0.04567   0.00032   0.00000   0.07162   0.16595   0.12531   0.00804   0.00596   6.03958   4.86733   0.05177   0.03359  
 68  0.0140  50589.685327  x:  6.01703   0.15917   0.05259   0.05876   0.23180   0.01699   0.05578   0.05175   0.01634   0.01792   0.05248   0.18210   0.18953   0.20600   0.00589   0.00279   0.49468   0.28994   0.14403   0.04102   0.17287   0.02078   0.15565   0.08426   0.04818   0.04570   0.00026   0.00000   0.07139   0.16502   0.12450   0.00845   0.00582   6.02433   4.86654   0.05191   0.03483  
 69  0.0127  50589.605970  x:  5.99953   0.16010   0.05241   0.05841   0.23172   0.01748   0.05596   0.05161   0.01628   0.01796   0.05195   0.18345   0.18936   0.20655   0.00604   0.00270   0.49439   0.28963   0.14268   0.04082   0.17184   0.02082   0.15657   0.08500   0.04861   0.04546   0.00031   0.00000   0.07073   0.16459   0.12416   0.00864   0.00563   6.00696   4.86055   0.05196   0.03425  
 70  0.0109  50589.501372  x:  5.97550   0.15318   0.05223   0.05760   0.23157   0.01820   0.05589   0.05127   0.01628   0.01783   0.05147   0.18405   0.18958   0.20688   0.00614   0.00264   0.49458   0.28956   0.14811   0.04073   0.17200   0.02055   0.15655   0.08542   0.04833   0.04570   0.00024   0.00000   0.07098   0.16502   0.12406   0.00850   0.00556   5.98304   4.84843   0.05203   0.03380  
 71  0.0137  50589.426120  x:  5.95200   0.15132   0.05215   0.05716   0.23197   0.01901   0.05567   0.05141   0.01644   0.01781   0.05130   0.18326   0.19020   0.20659   0.00619   0.00262   0.49519   0.28993   0.14853   0.04084   0.17267   0.02077   0.15590   0.08502   0.04806   0.04588   0.00028   0.00000   0.07133   0.16535   0.12417   0.00842   0.00551   5.95955   4.84295   0.05209   0.03541  
 72  0.0189  50589.381814  x:  5.94147   0.14938   0.05225   0.05768   0.23165   0.01940   0.05574   0.05168   0.01665   0.01789   0.05132   0.18231   0.19015   0.20599   0.00618   0.00264   0.49505   0.28998   0.15172   0.04088   0.17235   0.02119   0.15557   0.08454   0.04836   0.04554   0.00027   0.00000   0.07104   0.16506   0.12465   0.00849   0.00552   5.94907   4.85146   0.05218   0.03426  
 73  0.0089  50589.359167  x:  5.95274   0.14865   0.05238   0.05821   0.23085   0.01964   0.05583   0.05153   0.01686   0.01782   0.05116   0.18228   0.18927   0.20618   0.00615   0.00266   0.49440   0.28926   0.15349   0.04078   0.17220   0.02094   0.15611   0.08454   0.04833   0.04559   0.00027   0.00000   0.07100   0.16484   0.12492   0.00851   0.00554   5.96042   4.85028   0.05218   0.03471  
 74  0.0060  50589.338641  x:  5.95607   0.14751   0.05226   0.05825   0.23114   0.01978   0.05590   0.05164   0.01694   0.01786   0.05117   0.18247   0.18943   0.20668   0.00608   0.00270   0.49402   0.28928   0.15613   0.04078   0.17247   0.02101   0.15630   0.08492   0.04811   0.04578   0.00028   0.00000   0.07136   0.16497   0.12435   0.00848   0.00561   5.96400   4.84838   0.05209   0.03399  