

TREE # 1

  0  0.0000 2741310.771995  x:  0.27245   0.00065   0.00328   0.08092   0.07415   0.00011   0.00009   0.02954   0.03705   0.00013   0.00031   0.03680   0.07836   0.00023   0.00030   0.08979   0.03756   0.05440   0.09418   0.11626   0.02715   0.08013   0.05361   0.00050   0.00050   0.06332   0.12203   0.18248   0.33447   0.84800   0.79356   1.71584   2.23350   1.65846  
  1 99.0000 2740135.094473  x:  0.27249   0.00285   0.00447   0.08091   0.07414   0.00000   0.00019   0.02963   0.03703   0.00017   0.00020   0.03678   0.07835   0.00021   0.00029   0.08982   0.03779   0.05432   0.09412   0.11629   0.02749   0.08029   0.05362   0.00051   0.00054   0.06334   0.12192   0.18248   0.33443   0.84789   0.79346   1.71607   2.23249   1.65841  
  2 653348.5845 2738899.863487  x:  0.27257   0.00764   0.00708   0.08087   0.07410   0.00061   0.00038   0.02983   0.03698   0.00025   0.00000   0.03674   0.07831   0.00017   0.00028   0.08988   0.03831   0.05416   0.09400   0.11635   0.02824   0.08064   0.05364   0.00053   0.00062   0.06338   0.12168   0.18247   0.33434   0.84764   0.79326   1.71651   2.23020   1.65831  
  3 33353747.7445 2738899.863487  x:  0.27257   0.00764   0.00708   0.08087   0.07410   0.00061   0.00038   0.02983   0.03698   0.00025   0.00000   0.03674   0.07831   0.00017   0.00028   0.08988   0.03831   0.05416   0.09400   0.11635   0.02824   0.08064   0.05364   0.00053   0.00062   0.06338   0.12168   0.18247   0.33434   0.84764   0.79326   1.71651   2.23020   1.65831  
  4 103399432.8414 2738770.916149  x:  0.27257   0.00765   0.00708   0.08087   0.07410   0.00059   0.00037   0.02983   0.03698   0.00025   0.00047   0.03674   0.07831   0.00018   0.00029   0.08988   0.03832   0.05416   0.09400   0.11635   0.02825   0.08064   0.05364   0.00053   0.00062   0.06338   0.12168   0.18247   0.33434   0.84764   0.79325   1.71647   2.22991   1.65830  
  5 6024261.1007 2738597.410636  x:  0.27259   0.00789   0.00731   0.08085   0.07409   0.00021   0.00004   0.02987   0.03696   0.00005   0.00031   0.03673   0.07825   0.00029   0.00030   0.08990   0.03847   0.05411   0.09396   0.11637   0.02846   0.08075   0.05364   0.00051   0.00056   0.06339   0.12161   0.18247   0.33431   0.84757   0.79319   1.71663   2.22962   1.65827  
  6 287995.7222 2738581.108221  x:  0.27260   0.00794   0.00736   0.08085   0.07408   0.00014   0.00001   0.02987   0.03696   0.00005   0.00026   0.03672   0.07824   0.00030   0.00031   0.08990   0.03850   0.05410   0.09395   0.11638   0.02850   0.08077   0.05364   0.00050   0.00055   0.06340   0.12159   0.18247   0.33430   0.84755   0.79318   1.71664   2.22954   1.65827  
  7 1400668.2948 2738562.037988  x:  0.27260   0.00800   0.00742   0.08084   0.07408   0.00006   0.00003   0.02988   0.03696   0.00003   0.00022   0.03672   0.07823   0.00032   0.00031   0.08991   0.03853   0.05409   0.09394   0.11638   0.02855   0.08079   0.05364   0.00050   0.00054   0.06340   0.12158   0.18246   0.33429   0.84753   0.79316   1.71666   2.22946   1.65826  
  8 2727786.9465 2738423.574486  x:  0.27265   0.00872   0.00810   0.08080   0.07403   0.00000   0.00005   0.02998   0.03691   0.00008   0.00014   0.03669   0.07806   0.00083   0.00040   0.08995   0.03897   0.05394   0.09383   0.11644   0.02917   0.08110   0.05366   0.00042   0.00037   0.06344   0.12137   0.18246   0.33421   0.84732   0.79298   1.71664   2.22935   1.65816  
  9 368285.1956 2738423.574486  x:  0.27265   0.00872   0.00810   0.08080   0.07403   0.00000   0.00005   0.02998   0.03691   0.00008   0.00014   0.03669   0.07806   0.00083   0.00040   0.08995   0.03897   0.05394   0.09383   0.11644   0.02917   0.08110   0.05366   0.00042   0.00037   0.06344   0.12137   0.18246   0.33421   0.84732   0.79298   1.71664   2.22935   1.65816  
 10 331099156.7710 2738423.574486  x:  0.27265   0.00872   0.00810   0.08080   0.07403   0.00000   0.00005   0.02998   0.03691   0.00008   0.00014   0.03669   0.07806   0.00083   0.00040   0.08995   0.03897   0.05394   0.09383   0.11644   0.02917   0.08110   0.05366   0.00042   0.00037   0.06344   0.12137   0.18246   0.33421   0.84732   0.79298   1.71664   2.22935   1.65816  
check convergence!
