
BASEML (in paml version 4.9, March 2015)  ../cat_mitoch_genes_with_bathy.pml  REV  Global clock 
Nonhomo: 5  fix_kappa 0

Frequencies..
                                    T      C      A      G
Adiagonalis                    0.41738 0.11673 0.21824 0.24764 GC = 0.364
Agigas1                        0.41969 0.11610 0.21803 0.24617 GC = 0.362
Agigas2                        0.41896 0.11631 0.21814 0.24659 GC = 0.363
Amariana_ref                   0.44289 0.09710 0.24228 0.21772 GC = 0.315
Aphaseoliformis_ref            0.44373 0.09752 0.23840 0.22034 GC = 0.318
Aphaseoliformis                0.44321 0.09847 0.23903 0.21929 GC = 0.318
Asouthwardae                   0.44457 0.09584 0.24417 0.21541 GC = 0.311
Bthermophilus                  0.40962 0.14329 0.22087 0.22622 GC = 0.370
Cmagnifica                     0.42431 0.10980 0.22811 0.23777 GC = 0.348
Cpacifica                      0.43974 0.09679 0.23147 0.23200 GC = 0.329
Crectimargo                    0.43082 0.10592 0.22654 0.23672 GC = 0.343
MK948426                       0.41581 0.11663 0.21657 0.25100 GC = 0.368
MT5286321                      0.43072 0.10624 0.22685 0.23620 GC = 0.342
Pextenta                       0.42400 0.11033 0.21929 0.24638 GC = 0.357
Pokutanii_ref                  0.41927 0.11516 0.21971 0.24585 GC = 0.361
Psoyoae1                       0.41833 0.11600 0.22024 0.24543 GC = 0.361
Psoyoae2                       0.41822 0.11610 0.22024 0.24543 GC = 0.362
Xpliocardia                    0.43680 0.10036 0.25551 0.20733 GC = 0.308

Homogeneity statistic: X2 = 0.04955 G = 0.04891 

Average                        0.42767 0.10971 0.22798 0.23464

# constant sites:   3933 (41.29%)
ln Lmax (unconstrained) = -44011.024520

Distances: TN93 (kappa)  (alpha set at 0.00)
This matrix is not used in later m.l. analysis.

Adiagonalis      
Agigas1            0.0813( 8.5828)
Agigas2            0.0818( 9.0109)  0.0046( 9.6313)
Amariana_ref       0.1674( 7.2840)  0.1640( 7.0914)  0.1641( 7.2794)
Aphaseoliformis_ref    0.1680( 7.3346)  0.1608( 6.9587)  0.1612( 7.1628)  0.0349(11.1181)
Aphaseoliformis    0.1688( 7.1606)  0.1617( 6.8102)  0.1622( 7.0073)  0.0351(10.0047)  0.0104(10.3755)
Asouthwardae       0.1654( 7.0327)  0.1612( 6.7391)  0.1611( 6.8992)  0.0339(10.3176)  0.0369( 9.6168)  0.0380( 9.0367)
Bthermophilus      0.7977( 1.4673)  0.7957( 1.4599)  0.7954( 1.4687)  0.7852( 1.3831)  0.7776( 1.3679)  0.7753( 1.3510)  0.7769( 1.3626)
Cmagnifica         0.1646( 7.1181)  0.1627( 7.4563)  0.1630( 7.6701)  0.1441( 7.8863)  0.1440( 7.8215)  0.1449( 7.8191)  0.1427( 7.9418)  0.7899( 1.4270)
Cpacifica          0.1709( 6.8613)  0.1700( 6.9943)  0.1699( 7.0674)  0.1349( 6.8557)  0.1342( 6.7620)  0.1346( 6.7379)  0.1316( 6.5365)  0.7763( 1.3751)  0.1529( 7.6829)
Crectimargo        0.1778( 6.3236)  0.1730( 6.1759)  0.1731( 6.2801)  0.1440( 6.9307)  0.1424( 6.7261)  0.1442( 6.8448)  0.1400( 6.5927)  0.7842( 1.3826)  0.1557( 7.7344)  0.0997( 9.1188)
MK948426           0.1102( 9.6546)  0.1065( 9.2679)  0.1063( 9.6620)  0.1678( 7.2107)  0.1660( 7.0148)  0.1664( 6.8753)  0.1648( 6.9998)  0.7938( 1.4659)  0.1654( 7.7161)  0.1740( 6.9274)  0.1742( 6.3037)
MT5286321          0.1781( 6.2930)  0.1739( 6.1761)  0.1739( 6.2798)  0.1444( 6.8993)  0.1423( 6.6589)  0.1437( 6.7584)  0.1406( 6.5726)  0.7847( 1.3758)  0.1560( 7.7521)  0.0992( 9.2988)  0.0027(14.4199)  0.1753( 6.3181)
Pextenta           0.1029( 8.8183)  0.0987( 8.9316)  0.0980( 9.2820)  0.1540( 6.8885)  0.1533( 6.6339)  0.1547( 6.6203)  0.1539( 6.7304)  0.7995( 1.4683)  0.1584( 7.1551)  0.1635( 6.6078)  0.1716( 6.3274)  0.0891( 9.0046)  0.1717( 6.2886)
Pokutanii_ref      0.1046(10.2876)  0.0966( 9.7057)  0.0959( 9.9584)  0.1624( 7.8116)  0.1592( 7.4966)  0.1592( 7.3209)  0.1602( 7.4759)  0.7934( 1.4602)  0.1612( 7.9126)  0.1677( 6.9145)  0.1726( 6.3422)  0.0844(10.3615)  0.1731( 6.3180)  0.0789(10.2866)
Psoyoae1           0.1039(10.5340)  0.0961( 9.6872)  0.0955( 9.9681)  0.1625( 8.0261)  0.1621( 8.0133)  0.1619( 7.7504)  0.1589( 7.7485)  0.7970( 1.4740)  0.1617( 8.5754)  0.1697( 7.3571)  0.1758( 6.7058)  0.0869(10.7931)  0.1766( 6.6949)  0.0770( 9.8559)  0.0302(11.9169)
Psoyoae2           0.1038(10.5142)  0.0959( 9.6679)  0.0953( 9.9482)  0.1627( 8.0347)  0.1620( 8.0024)  0.1621( 7.7587)  0.1590( 7.7571)  0.7973( 1.4752)  0.1618( 8.5844)  0.1695( 7.3468)  0.1757( 6.6966)  0.0870(10.8119)  0.1764( 6.6858)  0.0769( 9.8326)  0.0300(11.8573)  0.0001(999.0000)
Xpliocardia        0.1901( 6.1313)  0.1842( 6.0928)  0.1834( 6.1453)  0.1475( 5.3608)  0.1463( 5.1787)  0.1471( 5.1231)  0.1447( 5.1406)  0.7878( 1.3711)  0.1600( 6.5590)  0.1600( 5.2023)  0.1693( 5.3350)  0.1906( 6.1351)  0.1691( 5.2915)  0.1819( 6.0153)  0.1861( 6.5805)  0.1883( 6.7473)  0.1882( 6.7389)

TREE #  1:  (((((((4, (5, 6)), 7), (10, (11, 13))), 18), 9), ((12, (14, (15, (16, 17)))), (1, (2, 3)))), 8);  MP score: 10956.00
lnL(ntime: 17  np:193): -55718.029629    +0.000000
  19..20   20..21   21..22   22..23   23..24   24..25   25..4    25..26   26..5    26..6    24..7    23..27   27..10   27..28   28..11   28..13   22..18   21..9    20..29   29..30   30..12   30..31   31..14   31..32   32..15   32..33   33..16   33..17   29..34   34..1    34..35   35..2    35..3    19..8  
 0.295205 0.079484 0.070325 0.064523 0.056565 0.016911 0.013016 0.003894 0.034923 0.001100 0.047707 0.038400 0.033077 0.012950 0.000063 0.033017 0.002049 0.104476 3.082475 0.897836 0.193446 0.284244 4.048578 999.000000 384.110453 0.000010 76.220784 0.000010 0.059405 0.036864 0.010156 0.014310 0.047859 0.246488 0.091876 0.010381 0.025513 0.083985 0.200478 0.069421 0.012968 0.021579 0.169491 0.113744 0.108158 0.000010 0.000010 0.249222 0.155981 0.046398 0.000010 0.017584 0.221500 0.167780 0.070422 0.050439 0.023281 0.341982 0.027934 0.057741 0.066144 0.000010 0.541222 0.300714 0.116267 0.128771 0.074266 0.457241 0.146138 0.119406 0.075796 0.053361 0.058727 0.247650 0.081853 0.012324 0.024453 0.153929 0.104467 0.082280 0.029501 0.005062 0.249132 0.149269 0.090982 0.043911 0.031389 1.003154 0.000010 0.157486 0.252945 0.000010 0.964462 0.000010 0.000010 0.484800 0.000010 0.158836 0.341728 0.108939 0.016156 0.057707 0.188476 0.100686 0.060734 0.021514 0.015595 0.083095 0.008199 0.042834 0.007469 0.007067 0.153963 0.057713 0.048010 0.000010 0.016568 0.413177 0.147745 0.110941 0.045745 0.014358 0.442497 0.000010 0.163484 0.000010 0.061762 0.275558 0.166631 0.104860 0.035439 0.037617 0.455999 0.087577 0.122380 0.000010 0.000010 0.670457 0.117223 0.136546 0.054412 0.054217 0.527095 0.097246 0.100020 0.063230 0.039265 999.000000 0.000010 0.000010 0.000010 0.000010 0.000010 0.000010 0.000010 0.000010 999.000000 0.348237 0.139282 0.059929 0.032430 0.052713 0.394171 0.117006 0.143967 0.038269 0.039235 0.398152 0.127117 0.106648 0.095370 0.028475 0.295672 0.000010 0.273169 0.326588 0.094163 1.077456 0.138105 0.000010 0.000010 0.000010 0.203450 0.578275 0.227585 0.149086 0.187916 0.252002 0.408411 0.111718 0.453456 0.059288 0.316071

tree length =   1.09841

(((((((Amariana_ref, (Aphaseoliformis_ref, Aphaseoliformis)), Asouthwardae), (Cpacifica, (Crectimargo, MT5286321))), Xpliocardia), Cmagnifica), ((MK948426, (Pextenta, (Pokutanii_ref, (Psoyoae1, Psoyoae2)))), (Adiagonalis, (Agigas1, Agigas2)))), Bthermophilus);

(((((((Amariana_ref: 0.013016, (Aphaseoliformis_ref: 0.003894, Aphaseoliformis: 0.003894): 0.009122): 0.003895, Asouthwardae: 0.016911): 0.039655, (Cpacifica: 0.034923, (Crectimargo: 0.001100, MT5286321: 0.001100): 0.033822): 0.021643): 0.007958, Xpliocardia: 0.064523): 0.005801, Cmagnifica: 0.070325): 0.009159, ((MK948426: 0.038400, (Pextenta: 0.033077, (Pokutanii_ref: 0.012950, (Psoyoae1: 0.000063, Psoyoae2: 0.000063): 0.012887): 0.020127): 0.005323): 0.009306, (Adiagonalis: 0.033017, (Agigas1: 0.002049, Agigas2: 0.002049): 0.030969): 0.014689): 0.031777): 0.215721, Bthermophilus: 0.295205);

(((((((4_Amariana_ref, (5_Aphaseoliformis_ref, 6_Aphaseoliformis) 26 ) 25 , 7_Asouthwardae) 24 , (10_Cpacifica, (11_Crectimargo, 13_MT5286321) 28 ) 27 ) 23 , 18_Xpliocardia) 22 , 9_Cmagnifica) 21 , ((12_MK948426, (14_Pextenta, (15_Pokutanii_ref, (16_Psoyoae1, 17_Psoyoae2) 33 ) 32 ) 31 ) 30 , (1_Adiagonalis, (2_Agigas1, 3_Agigas2) 35 ) 34 ) 29 ) 20 , 8_Bthermophilus) 19 ;

Detailed output identifying parameters
kappa or abcde under REV:  0.10448  3.08247  0.89784  0.19345  0.28424  4.04858 999.00000 384.11045  0.00001 76.22078  0.00001  0.05941  0.03686  0.01016  0.01431  0.04786  0.24649  0.09188  0.01038  0.02551  0.08399  0.20048  0.06942  0.01297  0.02158  0.16949  0.11374  0.10816  0.00001  0.00001  0.24922  0.15598  0.04640  0.00001  0.01758  0.22150  0.16778  0.07042  0.05044  0.02328  0.34198  0.02793  0.05774  0.06614  0.00001  0.54122  0.30071  0.11627  0.12877  0.07427  0.45724  0.14614  0.11941  0.07580  0.05336  0.05873  0.24765  0.08185  0.01232  0.02445  0.15393  0.10447  0.08228  0.02950  0.00506  0.24913  0.14927  0.09098  0.04391  0.03139  1.00315  0.00001  0.15749  0.25295  0.00001  0.96446  0.00001  0.00001  0.48480  0.00001  0.15884  0.34173  0.10894  0.01616  0.05771  0.18848  0.10069  0.06073  0.02151  0.01559  0.08309  0.00820  0.04283  0.00747  0.00707  0.15396  0.05771  0.04801  0.00001  0.01657  0.41318  0.14774  0.11094  0.04575  0.01436  0.44250  0.00001  0.16348  0.00001  0.06176  0.27556  0.16663  0.10486  0.03544  0.03762  0.45600  0.08758  0.12238  0.00001  0.00001  0.67046  0.11722  0.13655  0.05441  0.05422  0.52710  0.09725  0.10002  0.06323  0.03927 999.00000  0.00001  0.00001  0.00001  0.00001  0.00001  0.00001  0.00001  0.00001 999.00000  0.34824  0.13928  0.05993  0.03243  0.05271  0.39417  0.11701  0.14397  0.03827  0.03923  0.39815  0.12712  0.10665  0.09537  0.02848  0.29567  0.00001  0.27317  0.32659  0.09416  1.07746  0.13811  0.00001  0.00001  0.00001  0.20345  0.57828  0.22759  0.14909  0.18792

(frequency parameters for branches)  [frequencies at nodes] (see Yang & Roberts 1995 fig 1)

Node # 1  ( 0.25200  0.40841  0.11172  0.22787 )  [ 0.42632 0.11277 0.22867 0.23224 GC = 0.345 ]
Node # 2  ( 0.25200  0.40841  0.11172  0.22787 )  [ 0.42673 0.11363 0.22762 0.23203 GC = 0.346 ]
Node # 3  ( 0.25200  0.40841  0.11172  0.22787 )  [ 0.42617 0.11396 0.22798 0.23190 GC = 0.346 ]
Node # 4  ( 0.25200  0.40841  0.11172  0.22787 )  [ 0.43782 0.10151 0.22661 0.23406 GC = 0.336 ]
Node # 5  ( 0.25200  0.40841  0.11172  0.22787 )  [ 0.43785 0.10182 0.22633 0.23400 GC = 0.336 ]
Node # 6  ( 0.25200  0.40841  0.11172  0.22787 )  [ 0.43789 0.10192 0.22654 0.23364 GC = 0.336 ]
Node # 7  ( 0.25200  0.40841  0.11172  0.22787 )  [ 0.43637 0.10361 0.22749 0.23253 GC = 0.336 ]
Node # 8  ( 0.25200  0.40841  0.11172  0.22787 )  [ 0.40842 0.14204 0.22356 0.22599 GC = 0.368 ]
Node # 9  ( 0.25200  0.40841  0.11172  0.22787 )  [ 0.43015 0.10932 0.22923 0.23130 GC = 0.341 ]
Node #10  ( 0.25200  0.40841  0.11172  0.22787 )  [ 0.43775 0.10146 0.22599 0.23480 GC = 0.336 ]
Node #11  ( 0.25200  0.40841  0.11172  0.22787 )  [ 0.43566 0.10440 0.22788 0.23207 GC = 0.336 ]
Node #12  ( 0.25200  0.40841  0.11172  0.22787 )  [ 0.42657 0.11214 0.22771 0.23358 GC = 0.346 ]
Node #13  ( 0.25200  0.40841  0.11172  0.22787 )  [ 0.43569 0.10446 0.22781 0.23204 GC = 0.336 ]
Node #14  ( 0.25200  0.40841  0.11172  0.22787 )  [ 0.42905 0.10986 0.22697 0.23412 GC = 0.344 ]
Node #15  ( 0.25200  0.40841  0.11172  0.22787 )  [ 0.42468 0.11326 0.22909 0.23296 GC = 0.346 ]
Node #16  ( 0.25200  0.40841  0.11172  0.22787 )  [ 0.42504 0.11301 0.22872 0.23324 GC = 0.346 ]
Node #17  ( 0.25200  0.40841  0.11172  0.22787 )  [ 0.42508 0.11299 0.22872 0.23321 GC = 0.346 ]
Node #18  ( 0.25200  0.40841  0.11172  0.22787 )  [ 0.43695 0.10376 0.23004 0.22925 GC = 0.333 ]
Node #19  ( 0.45346  0.05929  0.31607  0.17118 )  [ 0.45346 0.05929 0.31607 0.17118 GC = 0.230 ]
Node #20  ( 0.25200  0.40841  0.11172  0.22787 )  [ 0.45086 0.08781 0.25181 0.20952 GC = 0.297 ]
Node #21  ( 0.25200  0.40841  0.11172  0.22787 )  [ 0.45032 0.08826 0.25077 0.21064 GC = 0.299 ]
Node #22  ( 0.25200  0.40841  0.11172  0.22787 )  [ 0.45022 0.08844 0.24753 0.21381 GC = 0.302 ]
Node #23  ( 0.25200  0.40841  0.11172  0.22787 )  [ 0.44941 0.08935 0.24439 0.21685 GC = 0.306 ]
Node #24  ( 0.25200  0.40841  0.11172  0.22787 )  [ 0.44321 0.09619 0.23061 0.23000 GC = 0.326 ]
Node #25  ( 0.25200  0.40841  0.11172  0.22787 )  [ 0.44208 0.09717 0.22958 0.23116 GC = 0.328 ]
Node #26  ( 0.25200  0.40841  0.11172  0.22787 )  [ 0.43942 0.10016 0.22723 0.23319 GC = 0.333 ]
Node #27  ( 0.25200  0.40841  0.11172  0.22787 )  [ 0.44692 0.09221 0.23644 0.22443 GC = 0.317 ]
Node #28  ( 0.25200  0.40841  0.11172  0.22787 )  [ 0.43624 0.10376 0.22805 0.23195 GC = 0.336 ]
Node #29  ( 0.25200  0.40841  0.11172  0.22787 )  [ 0.44445 0.09390 0.23817 0.22349 GC = 0.317 ]
Node #30  ( 0.25200  0.40841  0.11172  0.22787 )  [ 0.44191 0.09639 0.23528 0.22642 GC = 0.323 ]
Node #31  ( 0.25200  0.40841  0.11172  0.22787 )  [ 0.43957 0.09865 0.23441 0.22737 GC = 0.326 ]
Node #32  ( 0.25200  0.40841  0.11172  0.22787 )  [ 0.43055 0.10716 0.23093 0.23136 GC = 0.339 ]
Node #33  ( 0.25200  0.40841  0.11172  0.22787 )  [ 0.42508 0.11296 0.22872 0.23324 GC = 0.346 ]
Node #34  ( 0.25200  0.40841  0.11172  0.22787 )  [ 0.43901 0.09985 0.23494 0.22620 GC = 0.326 ]
Node #35  ( 0.25200  0.40841  0.11172  0.22787 )  [ 0.42730 0.11281 0.22818 0.23171 GC = 0.345 ]

Note: node 19 is root.


Expected numbers of nucleotide changes on branches

Node # 1  Adiagonalis  (blength =  0.033017,  0.040252) abcde:   0.394171  0.117006  0.143967  0.038269  0.039235
pi source:  0.43901  0.09985  0.23494  0.22620 
pi model :  0.25200  0.40841  0.11172  0.22787 
Exij
  0.000000  0.013854  0.001125  0.002823        0.0    132.0     10.7     26.9
  0.002102  0.000000  0.000090  0.000189       20.0      0.0      0.9      1.8
  0.001360  0.000721  0.000000  0.010506       13.0      6.9      0.0    100.1
  0.001655  0.000731  0.005095  0.000000       15.8      7.0     48.5      0.0

Node # 2  Agigas1     (blength =  0.002049,  0.002433) abcde:   0.295672  0.000010  0.273169  0.326588  0.094163
pi source:  0.42730  0.11281  0.22818  0.23171 
pi model :  0.25200  0.40841  0.11172  0.22787 
Exij
  0.000000  0.000555  0.000000  0.000286        0.0      5.3      0.0      2.7
  0.000091  0.000000  0.000044  0.000026        0.9      0.0      0.4      0.2
  0.000000  0.000327  0.000000  0.000559        0.0      3.1      0.0      5.3
  0.000172  0.000096  0.000279  0.000000        1.6      0.9      2.7      0.0

Node # 3  Agigas2     (blength =  0.002049,  0.002271) abcde:   1.077456  0.138105  0.000010  0.000010  0.000010
pi source:  0.42730  0.11281  0.22818  0.23171 
pi model :  0.25200  0.40841  0.11172  0.22787 
Exij
  0.000000  0.001372  0.000048  0.000000        0.0     13.1      0.5      0.0
  0.000225  0.000000  0.000000  0.000000        2.1      0.0      0.0      0.0
  0.000058  0.000000  0.000000  0.000380        0.6      0.0      0.0      3.6
  0.000000  0.000000  0.000189  0.000000        0.0      0.0      1.8      0.0

Node # 4  Amariana_ref  (blength =  0.013016,  0.016875) abcde:   0.249222  0.155981  0.046398  0.000010  0.017584
pi source:  0.44208  0.09717  0.22958  0.23116 
pi model :  0.25200  0.40841  0.11172  0.22787 
Exij
  0.000000  0.004873  0.000834  0.000506        0.0     46.4      7.9      4.8
  0.000679  0.000000  0.000000  0.000043        6.5      0.0      0.0      0.4
  0.000976  0.000000  0.000000  0.005656        9.3      0.0      0.0     53.9
  0.000296  0.000182  0.002828  0.000000        2.8      1.7     26.9      0.0

Node # 5  Aphaseoliformis_ref  (blength =  0.003894,  0.004790) abcde:   0.341982  0.027934  0.057741  0.066144  0.000010
pi source:  0.43942  0.10016  0.22723  0.23319 
pi model :  0.25200  0.40841  0.11172  0.22787 
Exij
  0.000000  0.001760  0.000039  0.000166        0.0     16.8      0.4      1.6
  0.000250  0.000000  0.000021  0.000000        2.4      0.0      0.2      0.0
  0.000046  0.000176  0.000000  0.001484        0.4      1.7      0.0     14.1
  0.000098  0.000000  0.000750  0.000000        0.9      0.0      7.1      0.0

Node # 6  Aphaseoliformis  (blength =  0.003894,  0.004659) abcde:   0.541222  0.300714  0.116267  0.128771  0.074266
pi source:  0.43942  0.10016  0.22723  0.23319 
pi model :  0.25200  0.40841  0.11172  0.22787 
Exij
  0.000000  0.001730  0.000263  0.000207        0.0     16.5      2.5      2.0
  0.000246  0.000000  0.000026  0.000031        2.3      0.0      0.2      0.3
  0.000307  0.000213  0.000000  0.000923        2.9      2.0      0.0      8.8
  0.000122  0.000126  0.000465  0.000000        1.2      1.2      4.4      0.0

Node # 7  Asouthwardae  (blength =  0.016911,  0.020275) abcde:   0.457241  0.146138  0.119406  0.075796  0.053361
pi source:  0.44321  0.09619  0.23061  0.23000 
pi model :  0.25200  0.40841  0.11172  0.22787 
Exij
  0.000000  0.007555  0.000660  0.001101        0.0     72.0      6.3     10.5
  0.001059  0.000000  0.000078  0.000112       10.1      0.0      0.7      1.1
  0.000776  0.000652  0.000000  0.004801        7.4      6.2      0.0     45.7
  0.000640  0.000464  0.002377  0.000000        6.1      4.4     22.6      0.0

Node # 8  Bthermophilus  (blength =  0.295205,  0.386491) abcde:   0.203450  0.578275  0.227585  0.149086  0.187916
pi source:  0.45346  0.05929  0.31607  0.17118 
pi model :  0.25200  0.40841  0.11172  0.22787 
Exij
  0.000000  0.052788  0.041043  0.032947        0.0    502.9    391.0    313.8
  0.007748  0.000000  0.002517  0.006471       73.8      0.0     24.0     61.6
  0.056843  0.023751  0.000000  0.088884      541.5    226.2      0.0    846.7
  0.017148  0.022947  0.033404  0.000000      163.4    218.6    318.2      0.0

Node # 9  Cmagnifica  (blength =  0.070325,  0.093473) abcde:   0.188476  0.100686  0.060734  0.021514  0.015595
pi source:  0.45032  0.08826  0.25077  0.21064 
pi model :  0.25200  0.40841  0.11172  0.22787 
Exij
  0.000000  0.022219  0.003247  0.003995        0.0    211.7     30.9     38.1
  0.003082  0.000000  0.000156  0.000231       29.4      0.0      1.5      2.2
  0.003987  0.001381  0.000000  0.035806       38.0     13.2      0.0    341.1
  0.002223  0.000925  0.016223  0.000000       21.2      8.8    154.5      0.0

Node #10  Cpacifica   (blength =  0.034923,  0.047410) abcde:   0.153929  0.104467  0.082280  0.029501  0.005062
pi source:  0.44692  0.09221  0.23644  0.22443 
pi model :  0.25200  0.40841  0.11172  0.22787 
Exij
  0.000000  0.009561  0.001775  0.002851        0.0     91.1     16.9     27.2
  0.001292  0.000000  0.000110  0.000038       12.3      0.0      1.0      0.4
  0.002092  0.000957  0.000000  0.018108       19.9      9.1      0.0    172.5
  0.001638  0.000163  0.008825  0.000000       15.6      1.6     84.1      0.0

Node #11  Crectimargo  (blength =  0.001100,  0.001231) abcde:   1.003154  0.000010  0.157486  0.252945  0.000010
pi source:  0.43624  0.10376  0.22805  0.23195 
pi model :  0.25200  0.40841  0.11172  0.22787 
Exij
  0.000000  0.000658  0.000000  0.000058        0.0      6.3      0.0      0.5
  0.000097  0.000000  0.000011  0.000000        0.9      0.0      0.1      0.0
  0.000000  0.000087  0.000000  0.000191        0.0      0.8      0.0      1.8
  0.000034  0.000000  0.000096  0.000000        0.3      0.0      0.9      0.0

Node #12  MK948426    (blength =  0.038400,  0.047406) abcde:   0.413177  0.147745  0.110941  0.045745  0.014358
pi source:  0.44191  0.09639  0.23528  0.22642 
pi model :  0.25200  0.40841  0.11172  0.22787 
Exij
  0.000000  0.017167  0.001679  0.002572        0.0    163.5     16.0     24.5
  0.002546  0.000000  0.000125  0.000080       24.3      0.0      1.2      0.8
  0.002019  0.001013  0.000000  0.012358       19.2      9.7      0.0    117.7
  0.001507  0.000316  0.006023  0.000000       14.4      3.0     57.4      0.0

Node #13  MT5286321   (blength =  0.001100,  0.001220) abcde:   0.964462  0.000010  0.000010  0.484800  0.000010
pi source:  0.43624  0.10376  0.22805  0.23195 
pi model :  0.25200  0.40841  0.11172  0.22787 
Exij
  0.000000  0.000643  0.000000  0.000000        0.0      6.1      0.0      0.0
  0.000095  0.000000  0.000021  0.000000        0.9      0.0      0.2      0.0
  0.000000  0.000169  0.000000  0.000195        0.0      1.6      0.0      1.9
  0.000000  0.000000  0.000097  0.000000        0.0      0.0      0.9      0.0

Node #14  Pextenta    (blength =  0.033077,  0.042004) abcde:   0.275558  0.166631  0.104860  0.035439  0.037617
pi source:  0.43957  0.09865  0.23441  0.22737 
pi model :  0.25200  0.40841  0.11172  0.22787 
Exij
  0.000000  0.011605  0.001920  0.002464        0.0    110.6     18.3     23.5
  0.001720  0.000000  0.000098  0.000212       16.4      0.0      0.9      2.0
  0.002300  0.000793  0.000000  0.012480       21.9      7.6      0.0    118.9
  0.001448  0.000842  0.006123  0.000000       13.8      8.0     58.3      0.0

Node #15  Pokutanii_ref  (blength =  0.012950,  0.014882) abcde:   0.670457  0.117223  0.136546  0.054412  0.054217
pi source:  0.43055  0.10716  0.23093  0.23136 
pi model :  0.25200  0.40841  0.11172  0.22787 
Exij
  0.000000  0.006701  0.000320  0.000761        0.0     63.8      3.1      7.3
  0.001066  0.000000  0.000038  0.000078       10.2      0.0      0.4      0.7
  0.000389  0.000293  0.000000  0.003000        3.7      2.8      0.0     28.6
  0.000457  0.000294  0.001484  0.000000        4.4      2.8     14.1      0.0

Node #16  Psoyoae1    (blength =  0.000063,  0.000061) abcde:  999.000000  0.000010  0.000010  0.000010  0.000010
pi source:  0.42508  0.11296  0.22872  0.23324 
pi model :  0.25200  0.40841  0.11172  0.22787 
Exij
  0.000000  0.000053  0.000000  0.000000        0.0      0.5      0.0      0.0
  0.000009  0.000000  0.000000  0.000000        0.1      0.0      0.0      0.0
  0.000000  0.000000  0.000000  0.000000        0.0      0.0      0.0      0.0
  0.000000  0.000000  0.000000  0.000000        0.0      0.0      0.0      0.0

Node #17  Psoyoae2    (blength =  0.000063,  0.000041) abcde:   0.000010  0.000010  0.000010  0.000010 999.000000
pi source:  0.42508  0.11296  0.22872  0.23324 
pi model :  0.25200  0.40841  0.11172  0.22787 
Exij
  0.000000  0.000000  0.000000  0.000000        0.0      0.0      0.0      0.0
  0.000000  0.000000  0.000000  0.000009        0.0      0.0      0.0      0.1
  0.000000  0.000000  0.000000  0.000000        0.0      0.0      0.0      0.0
  0.000000  0.000032  0.000000  0.000000        0.0      0.3      0.0      0.0

Node #18  Xpliocardia  (blength =  0.064523,  0.088284) abcde:   0.158836  0.341728  0.108939  0.016156  0.057707
pi source:  0.45022  0.08844  0.24753  0.21381 
pi model :  0.25200  0.40841  0.11172  0.22787 
Exij
  0.000000  0.014552  0.008564  0.005569        0.0    138.6     81.6     53.0
  0.001947  0.000000  0.000088  0.000640       18.5      0.0      0.8      6.1
  0.010388  0.000796  0.000000  0.027486       99.0      7.6      0.0    261.8
  0.003080  0.002644  0.012533  0.000000       29.3     25.2    119.4      0.0


Node #20  (blength =  0.215721,  0.343445) abcde:   0.104476  3.082475  0.897836  0.193446  0.284244
pi source:  0.45346  0.05929  0.31607  0.17118 
pi model :  0.25200  0.40841  0.11172  0.22787 
Exij
  0.000000  0.009954  0.080333  0.047726        0.0     94.8    765.3    454.6
  0.000998  0.000000  0.000819  0.002454        9.5      0.0      7.8     23.4
  0.112128  0.011404  0.000000  0.032892     1068.1    108.6      0.0    313.3
  0.022292  0.011438  0.011007  0.000000      212.4    109.0    104.9      0.0

Node #21  (blength =  0.009159,  0.014465) abcde:   4.048578 999.000000 384.110453  0.000010 76.220784
pi source:  0.45086  0.08781  0.25181  0.20952 
pi model :  0.25200  0.40841  0.11172  0.22787 
Exij
  0.000000  0.000059  0.003990  0.003129        0.0      0.6     38.0     29.8
  0.000007  0.000000  0.000000  0.000121        0.1      0.0      0.0      1.2
  0.005019  0.000000  0.000000  0.000005       47.8      0.0      0.0      0.0
  0.001613  0.000519  0.000002  0.000000       15.4      4.9      0.0      0.0

Node #22  (blength =  0.005801,  0.008935) abcde:   0.000010  0.059405  0.036864  0.010156  0.014310
pi source:  0.45032  0.08826  0.25077  0.21064 
pi model :  0.25200  0.40841  0.11172  0.22787 
Exij
  0.000000  0.000000  0.000279  0.000353        0.0      0.0      2.7      3.4
  0.000000  0.000000  0.000009  0.000027        0.0      0.0      0.1      0.3
  0.000349  0.000097  0.000000  0.005305        3.3      0.9      0.0     50.5
  0.000184  0.000116  0.002216  0.000000        1.8      1.1     21.1      0.0

Node #23  (blength =  0.007958,  0.011902) abcde:   0.047859  0.246488  0.091876  0.010381  0.025513
pi source:  0.45022  0.08844  0.24753  0.21381 
pi model :  0.25200  0.40841  0.11172  0.22787 
Exij
  0.000000  0.000770  0.001085  0.000825        0.0      7.3     10.3      7.9
  0.000094  0.000000  0.000009  0.000045        0.9      0.0      0.1      0.4
  0.001338  0.000091  0.000000  0.004907       12.7      0.9      0.0     46.7
  0.000437  0.000196  0.002106  0.000000        4.2      1.9     20.1      0.0

Node #24  (blength =  0.039655,  0.056962) abcde:   0.083985  0.200478  0.069421  0.012968  0.021579
pi source:  0.44941  0.08935  0.24439  0.21685 
pi model :  0.25200  0.40841  0.11172  0.22787 
Exij
  0.000000  0.006551  0.004278  0.003021        0.0     62.4     40.7     28.8
  0.000840  0.000000  0.000058  0.000195        8.0      0.0      0.5      1.9
  0.005131  0.000538  0.000000  0.023142       48.9      5.1      0.0    220.4
  0.001674  0.000843  0.010690  0.000000       15.9      8.0    101.8      0.0

Node #25  (blength =  0.003895,  0.005299) abcde:   0.169491  0.113744  0.108158  0.000010  0.000010
pi source:  0.44321  0.09619  0.23061  0.23000 
pi model :  0.25200  0.40841  0.11172  0.22787 
Exij
  0.000000  0.001140  0.000209  0.000406        0.0     10.9      2.0      3.9
  0.000154  0.000000  0.000000  0.000000        1.5      0.0      0.0      0.0
  0.000245  0.000000  0.000000  0.001952        2.3      0.0      0.0     18.6
  0.000234  0.000000  0.000959  0.000000        2.2      0.0      9.1      0.0

Node #26  (blength =  0.009122,  0.011903) abcde:   0.221500  0.167780  0.070422  0.050439  0.023281
pi source:  0.44208  0.09717  0.22958  0.23116 
pi model :  0.25200  0.40841  0.11172  0.22787 
Exij
  0.000000  0.002958  0.000613  0.000525        0.0     28.2      5.8      5.0
  0.000409  0.000000  0.000041  0.000039        3.9      0.0      0.4      0.4
  0.000716  0.000349  0.000000  0.003861        6.8      3.3      0.0     36.8
  0.000306  0.000164  0.001924  0.000000        2.9      1.6     18.3      0.0

Node #27  (blength =  0.021643,  0.031956) abcde:   0.058727  0.247650  0.081853  0.012324  0.024453
pi source:  0.44941  0.08935  0.24439  0.21685 
pi model :  0.25200  0.40841  0.11172  0.22787 
Exij
  0.000000  0.002528  0.002916  0.001966        0.0     24.1     27.8     18.7
  0.000316  0.000000  0.000029  0.000119        3.0      0.0      0.3      1.1
  0.003528  0.000285  0.000000  0.012881       33.6      2.7      0.0    122.7
  0.001071  0.000518  0.005799  0.000000       10.2      4.9     55.2      0.0

Node #28  (blength =  0.033822,  0.043472) abcde:   0.249132  0.149269  0.090982  0.043911  0.031389
pi source:  0.44692  0.09221  0.23644  0.22443 
pi model :  0.25200  0.40841  0.11172  0.22787 
Exij
  0.000000  0.011608  0.001903  0.002365        0.0    110.6     18.1     22.5
  0.001590  0.000000  0.000124  0.000181       15.1      0.0      1.2      1.7
  0.002257  0.001076  0.000000  0.013670       21.5     10.2      0.0    130.2
  0.001352  0.000756  0.006589  0.000000       12.9      7.2     62.8      0.0

Node #29  (blength =  0.031777,  0.044804) abcde:   0.083095  0.008199  0.042834  0.007469  0.007067
pi source:  0.45086  0.08781  0.25181  0.20952 
pi model :  0.25200  0.40841  0.11172  0.22787 
Exij
  0.000000  0.006403  0.000173  0.001841        0.0     61.0      1.6     17.5
  0.000802  0.000000  0.000032  0.000062        7.6      0.0      0.3      0.6
  0.000213  0.000315  0.000000  0.023512        2.0      3.0      0.0    224.0
  0.000986  0.000264  0.010202  0.000000        9.4      2.5     97.2      0.0

Node #30  (blength =  0.009306,  0.012452) abcde:   0.153963  0.057713  0.048010  0.000010  0.016568
pi source:  0.44445  0.09390  0.23817  0.22349 
pi model :  0.25200  0.40841  0.11172  0.22787 
Exij
  0.000000  0.002746  0.000282  0.000478        0.0     26.2      2.7      4.6
  0.000364  0.000000  0.000000  0.000035        3.5      0.0      0.0      0.3
  0.000339  0.000000  0.000000  0.005315        3.2      0.0      0.0     50.6
  0.000268  0.000150  0.002476  0.000000        2.6      1.4     23.6      0.0

Node #31  (blength =  0.005323,  0.006249) abcde:   0.442497  0.000010  0.163484  0.000010  0.061762
pi source:  0.44191  0.09639  0.23528  0.22642 
pi model :  0.25200  0.40841  0.11172  0.22787 
Exij
  0.000000  0.002461  0.000000  0.000507        0.0     23.4      0.0      4.8
  0.000336  0.000000  0.000000  0.000042        3.2      0.0      0.0      0.4
  0.000000  0.000000  0.000000  0.001654        0.0      0.0      0.0     15.8
  0.000289  0.000177  0.000783  0.000000        2.8      1.7      7.5      0.0

Node #32  (blength =  0.020127,  0.024591) abcde:   0.455999  0.087577  0.122380  0.000010  0.000010
pi source:  0.43957  0.09865  0.23441  0.22737 
pi model :  0.25200  0.40841  0.11172  0.22787 
Exij
  0.000000  0.009957  0.000523  0.001491        0.0     94.9      5.0     14.2
  0.001454  0.000000  0.000000  0.000000       13.8      0.0      0.0      0.0
  0.000631  0.000000  0.000000  0.006516        6.0      0.0      0.0     62.1
  0.000869  0.000000  0.003150  0.000000        8.3      0.0     30.0      0.0

Node #33  (blength =  0.012887,  0.015124) abcde:   0.527095  0.097246  0.100020  0.063230  0.039265
pi source:  0.43055  0.10716  0.23093  0.23136 
pi model :  0.25200  0.40841  0.11172  0.22787 
Exij
  0.000000  0.006265  0.000316  0.000663        0.0     59.7      3.0      6.3
  0.000995  0.000000  0.000053  0.000067        9.5      0.0      0.5      0.6
  0.000383  0.000404  0.000000  0.003562        3.6      3.8      0.0     33.9
  0.000398  0.000253  0.001765  0.000000        3.8      2.4     16.8      0.0

Node #34  (blength =  0.014689,  0.018051) abcde:   0.348237  0.139282  0.059929  0.032430  0.052713
pi source:  0.44445  0.09390  0.23817  0.22349 
pi model :  0.25200  0.40841  0.11172  0.22787 
Exij
  0.000000  0.006148  0.000673  0.000590        0.0     58.6      6.4      5.6
  0.000832  0.000000  0.000034  0.000114        7.9      0.0      0.3      1.1
  0.000813  0.000307  0.000000  0.005275        7.7      2.9      0.0     50.3
  0.000332  0.000474  0.002458  0.000000        3.2      4.5     23.4      0.0

Node #35  (blength =  0.030969,  0.037843) abcde:   0.398152  0.127117  0.106648  0.095370  0.028475
pi source:  0.43901  0.09985  0.23494  0.22620 
pi model :  0.25200  0.40841  0.11172  0.22787 
Exij
  0.000000  0.013117  0.001146  0.001960        0.0    124.9     10.9     18.7
  0.001988  0.000000  0.000211  0.000129       18.9      0.0      2.0      1.2
  0.001381  0.001680  0.000000  0.009826       13.2     16.0      0.0     93.6
  0.001146  0.000496  0.004765  0.000000       10.9      4.7     45.4      0.0


