

TREE # 1

  0  0.0000  63890.934706  x:  0.89351   0.00000   0.05046   0.00075   0.15225   0.02573   0.06733   0.04634   0.02754   0.02601   0.06085   0.09182   0.12263   0.16654   0.01687   0.01214   0.28229   0.22428   0.20172   0.04573   0.13912   0.02087   0.10056   0.09480   0.04488   0.04356   0.01624   0.00832   0.04902   0.13754   0.10415   0.00954   0.01342   0.85744   2.00000   2.00000  
  1 99.0000  63615.251195  x:  0.89532   0.01063   0.05240   0.05919   0.15236   0.02341   0.06471   0.04534   0.02349   0.02264   0.05797   0.09358   0.12323   0.16607   0.01070   0.00608   0.28227   0.22368   0.20083   0.04503   0.13918   0.02198   0.10213   0.09333   0.04519   0.04385   0.00810   0.00000   0.04956   0.13756   0.10426   0.00717   0.00982   0.85925   2.00262   1.99234  
  2 22985.4172  63540.832529  x:  0.89707   0.01530   0.05252   0.05824   0.15162   0.02164   0.06227   0.04457   0.02018   0.02001   0.05525   0.09441   0.12373   0.16562   0.00595   0.00221   0.28165   0.22285   0.19945   0.04446   0.13925   0.02272   0.10358   0.09195   0.04547   0.04406   0.00000   0.00000   0.04989   0.13756   0.10438   0.00680   0.00784   0.86100   2.00525   1.98462  
  3 6104.2122  63526.730936  x:  0.89781   0.01727   0.05256   0.05785   0.15131   0.02089   0.06124   0.04424   0.01880   0.01891   0.05411   0.09476   0.12394   0.16543   0.00396   0.00062   0.28140   0.22251   0.19887   0.04421   0.13927   0.02303   0.10418   0.09136   0.04558   0.04414   0.00004   0.00000   0.05004   0.13757   0.10443   0.00664   0.00701   0.86174   2.00636   1.98137  
  4 18001.4876  63495.086619  x:  0.89942   0.02137   0.05267   0.05725   0.15064   0.01937   0.05905   0.04356   0.01596   0.01668   0.05167   0.09552   0.12439   0.16501   0.00079   0.00196   0.28084   0.22175   0.19759   0.04369   0.13933   0.02366   0.10548   0.09011   0.04583   0.04433   0.00007   0.00000   0.05033   0.13757   0.10455   0.00644   0.00552   0.86335   2.00877   1.97429  
  5 27444.0813  63402.118677  x:  0.90527   0.03589   0.05304   0.05539   0.14824   0.01416   0.05119   0.04118   0.00628   0.00912   0.04296   0.09825   0.12604   0.16351   0.00315   0.00332   0.27883   0.21899   0.19286   0.04182   0.13953   0.02588   0.11016   0.08558   0.04670   0.04498   0.00011   0.00000   0.05140   0.13759   0.10495   0.00607   0.00117   0.86919   2.01757   1.94846  
  6 33950.6911  63355.388209  x:  0.90944   0.04562   0.05329   0.05440   0.14656   0.01128   0.04589   0.03969   0.00268   0.00585   0.03714   0.10016   0.12718   0.16245   0.00376   0.00376   0.27740   0.21702   0.18940   0.04052   0.13966   0.02728   0.11338   0.08243   0.04727   0.04540   0.00012   0.00000   0.05212   0.13760   0.10524   0.00672   0.00568   0.87337   2.02388   1.92990  
  7 38740.0986  63181.863892  x:  0.92455   0.07953   0.05415   0.05099   0.14059   0.00363   0.02768   0.03482   0.01162   0.00312   0.01740   0.10691   0.13126   0.15865   0.00535   0.00503   0.27229   0.20991   0.17666   0.03600   0.14010   0.03191   0.12478   0.07128   0.04922   0.04681   0.00017   0.00000   0.05461   0.13762   0.10626   0.00787   0.00925   0.88847   2.04673   1.86252  
  8 45693.1148  63055.801060  x:  0.93624   0.10470   0.05477   0.04855   0.13613   0.00861   0.01604   0.03189   0.01186   0.01039   0.00652   0.11196   0.13433   0.15576   0.00619   0.00576   0.26838   0.20443   0.16661   0.03275   0.14041   0.03504   0.13327   0.06306   0.05056   0.04778   0.00019   0.00000   0.05642   0.13763   0.10703   0.00821   0.01053   0.90017   2.06447   1.80999  
  9 64467.1739  62641.932333  x:  0.97152   0.17572   0.05644   0.04167   0.12348   0.01914   0.00294   0.02685   0.01761   0.01043   0.02285   0.12628   0.14308   0.14734   0.00838   0.00769   0.25690   0.18811   0.13550   0.02432   0.14122   0.04238   0.15726   0.04070   0.05386   0.05005   0.00026   0.00000   0.06136   0.13758   0.10923   0.00844   0.01438   0.93544   2.11820   1.64979  
 10 43369.0117  61874.663588  x:  1.03258   0.29864   0.05933   0.02979   0.10169   0.03317   0.01296   0.01942   0.02646   0.01237   0.03673   0.15090   0.15812   0.13285   0.01209   0.01096   0.23712   0.15999   0.08161   0.01022   0.14262   0.05497   0.19857   0.00331   0.05945   0.05391   0.00037   0.00000   0.06985   0.13750   0.11301   0.00878   0.02078   0.99651   2.21124   1.37200  
 11 322130.3944  60567.742910  x:  1.10486   0.44024   0.06267   0.01614   0.07778   0.04633   0.02061   0.01801   0.03577   0.01562   0.05100   0.17871   0.17511   0.11648   0.01625   0.01466   0.21453   0.12788   0.01723   0.00000   0.14439   0.06956   0.24612   0.01311   0.06526   0.05794   0.00050   0.00000   0.07959   0.13732   0.11727   0.00842   0.02794   1.06879   2.32165   1.03946  
 12 186712.8434  60183.384969  x:  1.12417   0.47763   0.06361   0.01254   0.07182   0.04960   0.02249   0.01840   0.03817   0.01657   0.05469   0.18596   0.17953   0.11227   0.01735   0.01563   0.20867   0.11960   0.00000   0.00024   0.14487   0.07321   0.25854   0.01511   0.06665   0.05888   0.00054   0.00000   0.08222   0.13726   0.11838   0.00826   0.02982   1.08810   2.35118   0.94988  
 13 3690480.1167  59120.904381  x:  1.18777   0.61041   0.06479   0.00000   0.03931   0.06358   0.03028   0.01124   0.04740   0.01879   0.06832   0.21317   0.19633   0.09438   0.02130   0.01914   0.18473   0.08388   0.00000   0.01420   0.14679   0.09024   0.30495   0.02452   0.07459   0.06482   0.00066   0.00000   0.09304   0.13729   0.12289   0.00840   0.03666   1.15170   2.44805   0.67362  
 14 405258.8160  59120.904381  x:  1.18777   0.61041   0.06479   0.00000   0.03931   0.06358   0.03028   0.01124   0.04740   0.01879   0.06832   0.21317   0.19633   0.09438   0.02130   0.01914   0.18473   0.08388   0.00000   0.01420   0.14679   0.09024   0.30495   0.02452   0.07459   0.06482   0.00066   0.00000   0.09304   0.13729   0.12289   0.00840   0.03666   1.15170   2.44805   0.67362  
 15 38118.4499  58929.272678  x:  1.18789   0.60981   0.06540   0.01151   0.04189   0.06284   0.03120   0.01412   0.04655   0.01861   0.06794   0.21290   0.19610   0.09488   0.02030   0.01809   0.18539   0.08505   0.00000   0.01456   0.14674   0.08970   0.30438   0.02552   0.07416   0.06445   0.00000   0.00000   0.09278   0.13726   0.12279   0.00798   0.03570   1.15182   2.44830   0.67079  
 16 30963.8638  58267.414639  x:  1.18991   0.59958   0.07584   0.20756   0.08636   0.05004   0.04711   0.06371   0.03199   0.01565   0.06139   0.20833   0.19202   0.10358   0.00291   0.00000   0.19679   0.10511   0.00000   0.02068   0.14579   0.08032   0.29455   0.04293   0.06684   0.05814   0.01914   0.00000   0.08826   0.13680   0.12093   0.00074   0.01895   1.15384   2.45248   0.62187  
 17 1630322.2272  58201.898695  x:  1.19057   0.59630   0.07865   0.25998   0.09864   0.04596   0.05136   0.07679   0.02747   0.01481   0.05922   0.20679   0.19072   0.10629   0.00039   0.02302   0.20016   0.11098   0.00000   0.02250   0.14549   0.07726   0.29136   0.04796   0.06454   0.05617   0.02426   0.00000   0.08680   0.13665   0.12036   0.00299   0.01392   1.15449   2.45384   0.60586  
 18 140191.7222  57612.060159  x:  1.19364   0.58151   0.07897   0.27626   0.10918   0.02906   0.05031   0.07382   0.01256   0.01488   0.04844   0.19812   0.18523   0.11598   0.05541   0.02019   0.20874   0.12385   0.00000   0.02674   0.14409   0.06270   0.27619   0.05644   0.05592   0.04920   0.02585   0.00000   0.08000   0.13606   0.11818   0.02913   0.00000   1.15757   2.46013   0.52616  
 19 11994.4694  57183.590498  x:  1.19656   0.56756   0.07913   0.29070   0.11881   0.01365   0.04934   0.07082   0.00000   0.01517   0.03861   0.18998   0.18006   0.12492   0.10068   0.01792   0.21674   0.13574   0.00000   0.03059   0.14281   0.04906   0.26190   0.06416   0.04804   0.04288   0.02725   0.00000   0.07362   0.13556   0.11623   0.05072   0.01436   1.16048   2.46605   0.45024  
 20 137965.1570  56674.762354  x:  1.19918   0.55500   0.07927   0.30375   0.12747   0.00000   0.04851   0.06821   0.00329   0.01579   0.02988   0.18266   0.17542   0.13293   0.14068   0.01597   0.22392   0.14639   0.00000   0.03403   0.14166   0.03682   0.24904   0.07107   0.04102   0.03725   0.02853   0.00000   0.06790   0.13511   0.11449   0.06972   0.02622   1.16311   2.47138   0.38174  
 21 389276.8452  54494.286301  x:  1.20782   0.51488   0.07835   0.33662   0.15259   0.03794   0.04791   0.05918   0.00932   0.01959   0.01520   0.15992   0.16102   0.15668   0.23985   0.01172   0.24588   0.17770   0.00000   0.04378   0.13859   0.00000   0.20820   0.09036   0.02325   0.02396   0.03176   0.00000   0.05056   0.13408   0.10940   0.11306   0.05269   1.17175   2.48826   0.15028  
 22 94015.8184  54494.286301  x:  1.20782   0.51488   0.07835   0.33662   0.15259   0.03794   0.04791   0.05918   0.00932   0.01959   0.01520   0.15992   0.16102   0.15668   0.23985   0.01172   0.24588   0.17770   0.00000   0.04378   0.13859   0.00000   0.20820   0.09036   0.02325   0.02396   0.03176   0.00000   0.05056   0.13408   0.10940   0.11306   0.05269   1.17175   2.48826   0.15028  
 23 213176.5981  53715.690216  x:  1.21030   0.51094   0.07693   0.33114   0.15259   0.03627   0.04857   0.05732   0.01729   0.01884   0.02672   0.15924   0.16103   0.15763   0.22757   0.00000   0.24810   0.17826   0.00000   0.04499   0.14058   0.02773   0.20501   0.09014   0.03710   0.03648   0.01748   0.00000   0.05181   0.13512   0.11016   0.10070   0.04070   1.17423   2.48949   0.09742  
 24 15125.6874  53466.173219  x:  1.21445   0.50763   0.07638   0.32611   0.15354   0.03309   0.04948   0.05611   0.01181   0.01761   0.02785   0.15971   0.16207   0.15973   0.21315   0.00000   0.25191   0.17989   0.00000   0.04461   0.14146   0.01044   0.20123   0.08787   0.03633   0.03561   0.00000   0.00000   0.05242   0.13669   0.11133   0.08588   0.02661   1.17837   2.49007   0.07373  
 25 10589.4706  53449.702581  x:  1.21560   0.50671   0.07623   0.32471   0.15380   0.03220   0.04973   0.05577   0.01032   0.01728   0.02817   0.15984   0.16236   0.16031   0.20915   0.00000   0.25297   0.18035   0.00000   0.04451   0.14171   0.00570   0.20018   0.08724   0.03613   0.03539   0.00023   0.00000   0.05259   0.13712   0.11166   0.08177   0.02271   1.17953   2.49023   0.06727  
 26 41158.8361  53259.362918  x:  1.22273   0.50148   0.07545   0.31664   0.15556   0.02818   0.05132   0.05411   0.01362   0.01752   0.03381   0.16083   0.16417   0.16379   0.18526   0.00000   0.25936   0.18320   0.00000   0.04522   0.14442   0.00077   0.19463   0.08542   0.04049   0.03935   0.00023   0.00000   0.05438   0.13980   0.11375   0.05725   0.00000   1.18666   2.49101   0.06818  
 27 9252.9915  53231.024567  x:  1.22408   0.50050   0.07531   0.31512   0.15589   0.02743   0.05161   0.05380   0.01404   0.01753   0.03477   0.16101   0.16450   0.16445   0.18075   0.00000   0.26056   0.18373   0.00000   0.04535   0.14492   0.00000   0.19360   0.08508   0.04119   0.03998   0.00023   0.00000   0.05471   0.14030   0.11415   0.05268   0.00016   1.18801   2.49116   0.06828  
 28 15977.8228  52982.011938  x:  1.23861   0.49037   0.07395   0.29934   0.15952   0.01903   0.05441   0.05097   0.00805   0.01664   0.03933   0.16321   0.16825   0.17145   0.13279   0.00000   0.27344   0.18956   0.00000   0.04612   0.14970   0.00157   0.18272   0.08099   0.04094   0.03955   0.00023   0.00000   0.05769   0.14556   0.11847   0.00502   0.00045   1.20254   2.49252   0.06955  
 29 72951.5404  52587.676348  x:  1.27601   0.46462   0.06975   0.25906   0.16813   0.00549   0.05918   0.04723   0.01945   0.01995   0.04204   0.16833   0.17670   0.18750   0.00758   0.00000   0.30467   0.20360   0.00000   0.04602   0.15996   0.00268   0.15711   0.07253   0.03126   0.03026   0.00024   0.00000   0.06288   0.15679   0.12665   0.00410   0.00062   1.23994   2.49589   0.06853  
 30 7799.9465  52579.296438  x:  1.27781   0.46336   0.06951   0.25710   0.16853   0.00568   0.05936   0.04713   0.01886   0.01979   0.04249   0.16855   0.17706   0.18820   0.00283   0.00191   0.30612   0.20424   0.00000   0.04601   0.16042   0.00267   0.15598   0.07225   0.03147   0.03046   0.00024   0.00000   0.06309   0.15726   0.12698   0.00438   0.00062   1.24174   2.49606   0.06864  
 31 14481.4064  52570.248116  x:  1.28055   0.46143   0.06910   0.25410   0.16910   0.00705   0.05953   0.04713   0.01671   0.01922   0.04344   0.16881   0.17752   0.18911   0.00203   0.00056   0.30819   0.20515   0.00000   0.04595   0.16103   0.00260   0.15448   0.07204   0.03259   0.03154   0.00024   0.00000   0.06333   0.15786   0.12736   0.00518   0.00060   1.24448   2.49633   0.06895  
 32 3469.1198  52348.105156  x:  1.39099   0.38455   0.05402   0.13410   0.19253   0.00664   0.06791   0.04302   0.00438   0.01676   0.05910   0.18089   0.19808   0.22885   0.00753   0.00094   0.39463   0.24352   0.00000   0.04367   0.18740   0.00440   0.08883   0.05732   0.03489   0.03363   0.00024   0.00000   0.07454   0.18493   0.14546   0.01719   0.00078   1.35492   2.50676   0.07042  
 33 8139.4247  52228.819981  x:  1.47695   0.32685   0.04076   0.04553   0.20782   0.04830   0.06347   0.05354   0.01768   0.01124   0.04241   0.18640   0.20678   0.24820   0.00844   0.00137   0.45135   0.26851   0.00000   0.03484   0.19562   0.00506   0.07915   0.06812   0.03066   0.02980   0.00024   0.00000   0.07268   0.19409   0.14862   0.01221   0.00091   1.44088   2.51456   0.06711  
 34 8673.2229  52166.414161  x:  1.51800   0.30026   0.03642   0.01055   0.21409   0.04644   0.05813   0.05506   0.01483   0.02396   0.02906   0.18713   0.20793   0.25293   0.00836   0.00133   0.47457   0.27884   0.00000   0.03255   0.19625   0.00496   0.09221   0.07657   0.03729   0.03547   0.00023   0.00000   0.07052   0.19440   0.14645   0.01253   0.00089   1.48193   2.51863   0.06630  
 35 7344.8638  52104.066199  x:  1.56692   0.27091   0.03828   0.00574   0.22240   0.03678   0.05273   0.05447   0.01510   0.00716   0.02823   0.18722   0.20649   0.25398   0.00854   0.00127   0.49836   0.28985   0.00000   0.03360   0.19394   0.00496   0.11087   0.08346   0.04027   0.03789   0.00023   0.00000   0.06799   0.19102   0.14091   0.01419   0.00090   1.53085   2.52395   0.06584  
 36 3878.0301  51944.954465  x:  1.76546   0.15684   0.05137   0.04217   0.25679   0.03765   0.03983   0.05766   0.01319   0.01624   0.05267   0.18823   0.19941   0.25522   0.00956   0.00140   0.59142   0.33258   0.00000   0.03924   0.18245   0.00581   0.16160   0.10089   0.03752   0.03575   0.00022   0.00000   0.05860   0.17582   0.11876   0.01577   0.00109   1.72939   2.54593   0.06030  
 37 10374.2160  51868.267621  x:  1.87644   0.14610   0.05216   0.06037   0.25792   0.03918   0.07750   0.05989   0.01627   0.01454   0.02442   0.17715   0.18343   0.23155   0.00947   0.00154   0.61451   0.33967   0.00000   0.05015   0.16285   0.00691   0.15722   0.08388   0.04880   0.04970   0.00021   0.00000   0.06179   0.15770   0.11092   0.01534   0.00128   1.84037   2.56162   0.05774  
 38 2804.8675  51709.034572  x:  2.06565   0.19156   0.03912   0.05282   0.23750   0.03753   0.06715   0.04454   0.01758   0.01539   0.04134   0.14569   0.14892   0.16771   0.00884   0.00180   0.61535   0.32976   0.11549   0.05535   0.12980   0.00773   0.15280   0.06414   0.05111   0.04446   0.00021   0.00000   0.06638   0.12751   0.10880   0.01452   0.00141   2.02958   2.59408   0.05577  
 39 3717.9271  51639.557791  x:  2.16710   0.20366   0.02519   0.07093   0.21186   0.02420   0.05690   0.07457   0.01555   0.01327   0.03455   0.13906   0.15882   0.15067   0.00811   0.00171   0.57378   0.29520   0.14521   0.03592   0.15521   0.00691   0.13373   0.09488   0.04991   0.05815   0.00020   0.00000   0.06216   0.14561   0.12856   0.01461   0.00124   2.13103   2.61893   0.05399  
 40 2009.0737  51548.291036  x:  2.33770   0.20473   0.01902   0.07580   0.16961   0.02825   0.07042   0.04022   0.01625   0.01284   0.03907   0.14482   0.19040   0.15469   0.00830   0.00169   0.46670   0.22174   0.13921   0.03540   0.17930   0.00664   0.14536   0.09365   0.05987   0.04408   0.00020   0.00000   0.06848   0.16425   0.13529   0.01468   0.00120   2.30163   2.66855   0.05198  
 41 2351.6132  51502.642574  x:  2.44764   0.20992   0.04969   0.06463   0.15850   0.02434   0.06218   0.06214   0.01668   0.01336   0.04883   0.15509   0.19926   0.16410   0.00813   0.00165   0.38575   0.19020   0.12220   0.04024   0.17265   0.00716   0.14609   0.06923   0.05373   0.05117   0.00019   0.00000   0.06854   0.16018   0.12509   0.01399   0.00130   2.41157   2.70613   0.05084  
 42 2774.4502  51483.077092  x:  2.50351   0.22049   0.06418   0.06354   0.17126   0.02307   0.05269   0.04887   0.01730   0.01351   0.04560   0.16106   0.19046   0.16774   0.00794   0.00159   0.34316   0.19886   0.10497   0.03782   0.16210   0.00728   0.12936   0.08171   0.05445   0.05529   0.00019   0.00000   0.06494   0.15353   0.12167   0.01351   0.00132   2.46743   2.73156   0.04997  
 43 1377.6690  51474.958262  x:  2.53364   0.23299   0.06085   0.06023   0.18083   0.02076   0.06216   0.05417   0.01645   0.01400   0.05340   0.16071   0.17986   0.16753   0.00798   0.00158   0.32391   0.21232   0.09147   0.03969   0.15994   0.00715   0.13201   0.08987   0.05731   0.04807   0.00019   0.00000   0.06588   0.15274   0.12507   0.01385   0.00130   2.49757   2.75106   0.04935  
 44 932.4131  51466.766173  x:  2.57215   0.25538   0.04499   0.06426   0.18821   0.02192   0.05638   0.05387   0.01720   0.01394   0.05338   0.15605   0.16843   0.16829   0.00810   0.00161   0.31591   0.23118   0.06860   0.03837   0.16540   0.00743   0.14023   0.07693   0.05497   0.05303   0.00019   0.00000   0.06554   0.15680   0.13055   0.01391   0.00133   2.53608   2.78449   0.04855  
 45 687.4867  51456.176274  x:  2.62733   0.30813   0.04285   0.06918   0.17953   0.02133   0.05155   0.05687   0.01746   0.01408   0.05456   0.14887   0.17540   0.17758   0.00829   0.00159   0.33786   0.24232   0.03186   0.03895   0.16539   0.00780   0.14429   0.07947   0.06294   0.04846   0.00018   0.00000   0.06245   0.15315   0.11424   0.01403   0.00141   2.59126   2.85907   0.04706  
 46 492.0715  51451.654599  x:  2.64938   0.32863   0.04591   0.06844   0.17798   0.02162   0.05523   0.05406   0.01740   0.01450   0.05843   0.14947   0.17696   0.17644   0.00847   0.00161   0.35003   0.24032   0.01645   0.03988   0.16067   0.00790   0.14957   0.08480   0.05389   0.05646   0.00018   0.00000   0.06364   0.15252   0.11665   0.01435   0.00143   2.61331   2.89944   0.04647  
 47 797.7335  51446.214822  x:  2.67159   0.34253   0.05015   0.06914   0.18529   0.02160   0.05254   0.05449   0.01781   0.01462   0.05849   0.15759   0.17339   0.16641   0.00853   0.00164   0.36517   0.22744   0.00000   0.03514   0.15076   0.00815   0.15194   0.08299   0.05983   0.05224   0.00019   0.00000   0.06234   0.15224   0.13058   0.01454   0.00144   2.63552   2.96766   0.04653  
 48 546.8240  51446.214822  x:  2.67159   0.34253   0.05015   0.06914   0.18529   0.02160   0.05254   0.05449   0.01781   0.01462   0.05849   0.15759   0.17339   0.16641   0.00853   0.00164   0.36517   0.22744   0.00000   0.03514   0.15076   0.00815   0.15194   0.08299   0.05983   0.05224   0.00019   0.00000   0.06234   0.15224   0.13058   0.01454   0.00144   2.63552   2.96766   0.04653  
 49 530.4680  51372.137387  x:  2.67182   0.34237   0.05031   0.06918   0.18558   0.02128   0.05264   0.05443   0.01775   0.01518   0.05818   0.15782   0.17360   0.16676   0.00787   0.00195   0.36552   0.22775   0.00013   0.03548   0.15109   0.00942   0.15197   0.08308   0.05932   0.05186   0.00252   0.00000   0.06254   0.15236   0.13055   0.01375   0.00494   2.63575   2.96762   0.05947  
 50 12825.5449  51364.157357  x:  2.67197   0.34217   0.05039   0.06916   0.18577   0.02101   0.05269   0.05435   0.01767   0.01556   0.05789   0.15797   0.17374   0.16701   0.00737   0.00214   0.36577   0.22797   0.00012   0.03572   0.15133   0.01036   0.15195   0.08313   0.05888   0.05153   0.00026   0.00000   0.06268   0.15242   0.13048   0.01285   0.00500   2.63590   2.96763   0.06039  
 51 3480.1874  51354.479671  x:  2.67271   0.34115   0.05079   0.06902   0.18669   0.01969   0.05293   0.05395   0.01727   0.01716   0.05651   0.15864   0.17437   0.16821   0.00529   0.00291   0.36693   0.22901   0.00000   0.03685   0.15249   0.01452   0.15187   0.08331   0.05677   0.04998   0.00066   0.00000   0.06332   0.15271   0.13012   0.00877   0.00474   2.63664   2.96772   0.06025  
 52 2456.2340  51349.285756  x:  2.67419   0.33910   0.05153   0.06870   0.18846   0.01790   0.05339   0.05329   0.01665   0.01790   0.05431   0.15988   0.17556   0.17043   0.00669   0.00375   0.36921   0.23100   0.00000   0.03841   0.15437   0.01866   0.15156   0.08335   0.05334   0.04755   0.00058   0.00000   0.06420   0.15320   0.12937   0.00858   0.00926   2.63812   2.96790   0.05885  
 53 1922.4196  51345.722337  x:  2.67572   0.33702   0.05222   0.06835   0.19022   0.01702   0.05382   0.05281   0.01641   0.01730   0.05274   0.16107   0.17671   0.17256   0.00708   0.00113   0.37152   0.23298   0.00000   0.03941   0.15592   0.01994   0.15118   0.08317   0.05079   0.04589   0.00059   0.00000   0.06478   0.15360   0.12859   0.00969   0.00897   2.63965   2.96808   0.05885  
 54 1606.5672  51340.067173  x:  2.67937   0.33210   0.05373   0.06750   0.19431   0.01589   0.05478   0.05189   0.01630   0.01554   0.04972   0.16382   0.17931   0.17744   0.00968   0.00186   0.37693   0.23756   0.00000   0.04126   0.15924   0.02086   0.15023   0.08260   0.04587   0.04291   0.00073   0.00000   0.06584   0.15450   0.12678   0.01202   0.00545   2.64330   2.96851   0.05963  
 55 3317.7036  51327.434938  x:  2.69164   0.31589   0.05736   0.06425   0.20671   0.02052   0.05678   0.05094   0.01940   0.01690   0.04655   0.17182   0.18656   0.19155   0.00444   0.00368   0.39416   0.25162   0.00000   0.04330   0.16751   0.01317   0.14720   0.08045   0.04212   0.04281   0.00065   0.00000   0.06679   0.15707   0.12144   0.01266   0.00702   2.65557   2.97001   0.05884  
 56 1537.5246  51319.691752  x:  2.70127   0.30367   0.05903   0.06145   0.21506   0.02320   0.05703   0.05105   0.01797   0.01767   0.04614   0.17690   0.19099   0.20054   0.00886   0.00187   0.40677   0.26147   0.00000   0.04385   0.17263   0.01036   0.14560   0.07983   0.04496   0.04588   0.00061   0.00000   0.06689   0.15878   0.11826   0.00793   0.00755   2.66520   2.97122   0.05862  
 57 2771.1773  51313.152972  x:  2.71228   0.29089   0.05875   0.05795   0.22195   0.02264   0.05539   0.05214   0.01425   0.01627   0.04789   0.18050   0.19361   0.20698   0.00740   0.00250   0.41936   0.27042   0.00000   0.04325   0.17597   0.01484   0.14524   0.08094   0.05230   0.05021   0.00068   0.00000   0.06638   0.16007   0.11663   0.01082   0.00696   2.67621   2.97268   0.05842  
 58 1811.3670  51309.103683  x:  2.72248   0.28083   0.05642   0.05478   0.22529   0.01876   0.05328   0.05334   0.02032   0.01722   0.05040   0.18128   0.19334   0.20852   0.00823   0.00221   0.42874   0.27598   0.00000   0.04123   0.17561   0.01705   0.14598   0.08232   0.05577   0.05006   0.00073   0.00000   0.06521   0.16048   0.11736   0.01174   0.00645   2.68641   2.97412   0.05837  
 59 1244.6021  51301.533807  x:  2.74418   0.26248   0.04985   0.04913   0.22882   0.01243   0.05076   0.05492   0.01868   0.01361   0.05623   0.18004   0.18982   0.20668   0.00709   0.00256   0.44561   0.28439   0.00000   0.03662   0.17081   0.01437   0.14815   0.08416   0.05521   0.04437   0.00064   0.00000   0.06280   0.16039   0.12109   0.00947   0.00766   2.70811   2.97728   0.05804  
 60 1504.7291  51296.629978  x:  2.76196   0.24987   0.04507   0.04621   0.23035   0.01327   0.05123   0.05527   0.01576   0.01932   0.06021   0.17804   0.18620   0.20331   0.00775   0.00238   0.45769   0.28970   0.00000   0.03555   0.16636   0.01402   0.14988   0.08512   0.05279   0.04180   0.00070   0.00000   0.06246   0.15991   0.12434   0.01099   0.00680   2.72588   2.97991   0.05809  
 61 2186.8272  51288.678748  x:  2.79539   0.23294   0.03966   0.04604   0.23061   0.02041   0.05621   0.05314   0.01802   0.01552   0.06100   0.17296   0.17906   0.19428   0.00809   0.00223   0.47630   0.29635   0.00000   0.04027   0.15877   0.01732   0.15220   0.08516   0.04807   0.04641   0.00071   0.00000   0.06555   0.15834   0.12930   0.01038   0.00719   2.75932   2.98494   0.05776  
 62 1624.1768  51280.240556  x:  2.83525   0.22240   0.03986   0.05183   0.22870   0.01522   0.05683   0.05000   0.01692   0.01743   0.05001   0.16728   0.17337   0.18414   0.00747   0.00253   0.49345   0.30074   0.00000   0.04502   0.15328   0.01417   0.15270   0.08239   0.04910   0.05245   0.00070   0.00000   0.06814   0.15597   0.13089   0.01055   0.00718   2.79917   2.99102   0.05751  
 63 1570.2611  51261.504095  x:  2.94225   0.22002   0.05209   0.07184   0.22011   0.02517   0.04736   0.05703   0.01756   0.01617   0.04201   0.15679   0.17107   0.16708   0.00765   0.00250   0.52503   0.30328   0.00000   0.04352   0.15483   0.01672   0.15041   0.07724   0.05591   0.04019   0.00074   0.00000   0.06513   0.15068   0.12384   0.01033   0.00741   2.90618   3.00756   0.05647  
 64 1530.6418  51214.825804  x:  3.24010   0.24867   0.06443   0.09650   0.19365   0.01196   0.06628   0.05566   0.01703   0.01728   0.06659   0.14263   0.18942   0.15469   0.00761   0.00256   0.58213   0.29267   0.00000   0.03160   0.17444   0.01694   0.14493   0.08567   0.04518   0.05084   0.00085   0.00000   0.05782   0.15007   0.10952   0.01045   0.00786   3.20403   3.05435   0.05336  
 65 2741.8394  51152.117173  x:  3.64269   0.29986   0.04540   0.09063   0.17107   0.01239   0.04888   0.03952   0.01728   0.01735   0.07671   0.14759   0.21655   0.16883   0.00730   0.00266   0.62716   0.26475   0.00000   0.05366   0.18345   0.00932   0.14701   0.09469   0.05289   0.04377   0.00097   0.00000   0.07977   0.16414   0.12723   0.01034   0.00836   3.60661   3.11883   0.04928  
 66 5286.5954  51102.956646  x:  3.97472   0.34130   0.02106   0.07171   0.17225   0.01717   0.05800   0.07111   0.01702   0.01714   0.05370   0.16600   0.22792   0.18767   0.00753   0.00248   0.64186   0.23965   0.00000   0.04809   0.17437   0.01055   0.15289   0.08837   0.05324   0.04624   0.00108   0.00000   0.07918   0.17058   0.14121   0.01033   0.00873   3.93864   3.17313   0.04608  
 67 7460.4194  51064.534480  x:  4.21075   0.36549   0.02458   0.05624   0.19684   0.02470   0.05148   0.05049   0.01723   0.01684   0.04249   0.18650   0.21902   0.19987   0.00831   0.00206   0.62639   0.23081   0.00000   0.02638   0.15478   0.01803   0.15923   0.07905   0.04791   0.05185   0.00117   0.00000   0.06323   0.16599   0.14399   0.01037   0.00892   4.17467   3.21319   0.04410  
 68 4819.5101  51025.230054  x:  4.48763   0.38116   0.05237   0.04550   0.24650   0.01559   0.06366   0.05376   0.01730   0.01714   0.05837   0.21098   0.18575   0.20657   0.00827   0.00204   0.57068   0.23966   0.00000   0.04477   0.13485   0.01661   0.16362   0.07749   0.05605   0.04393   0.00125   0.00000   0.06537   0.15426   0.13910   0.01018   0.00942   4.45156   3.26252   0.04155  
 69 3807.1145  51003.745128  x:  4.63026   0.37096   0.04974   0.04318   0.26545   0.01566   0.04735   0.06251   0.01674   0.01740   0.05876   0.21241   0.16516   0.20276   0.00826   0.00202   0.51700   0.25297   0.00000   0.04620   0.15569   0.01324   0.15924   0.09034   0.04540   0.05339   0.00126   0.00000   0.06901   0.15332   0.13346   0.01008   0.00953   4.59419   3.29003   0.04073  
 70 2334.0260  50987.477812  x:  4.74037   0.34951   0.03739   0.04616   0.27035   0.01793   0.05948   0.05400   0.01732   0.01708   0.05256   0.20546   0.16063   0.20121   0.00806   0.00211   0.46136   0.26745   0.00000   0.04011   0.17613   0.01240   0.15250   0.09174   0.05517   0.04466   0.00127   0.00000   0.07068   0.15910   0.13055   0.01018   0.00951   4.70430   3.31284   0.04033  
 71 2233.7617  50978.193759  x:  4.80287   0.32627   0.03831   0.05417   0.26200   0.01642   0.05570   0.05667   0.01730   0.01713   0.05669   0.19717   0.17884   0.20791   0.00812   0.00211   0.42026   0.27938   0.00000   0.04087   0.16962   0.01451   0.15116   0.07686   0.05247   0.04737   0.00128   0.00000   0.07079   0.16489   0.13082   0.01028   0.00954   4.76680   3.32763   0.04016  
 72 992.2437  50976.197743  x:  4.81680   0.31869   0.04340   0.05324   0.25568   0.01780   0.05610   0.05714   0.01727   0.01709   0.05346   0.19559   0.18575   0.21100   0.00807   0.00212   0.41016   0.28179   0.00000   0.04150   0.16455   0.01388   0.15461   0.08602   0.05246   0.04711   0.00127   0.00000   0.06898   0.16377   0.12957   0.01019   0.00960   4.78072   3.33204   0.04017  
 73 397.3233  50975.680641  x:  4.82015   0.31516   0.04655   0.04789   0.24930   0.01790   0.05625   0.05700   0.01729   0.01708   0.05324   0.19791   0.18442   0.21174   0.00805   0.00213   0.40820   0.28017   0.00000   0.04258   0.16636   0.01391   0.15421   0.08415   0.05258   0.04715   0.00126   0.00000   0.06831   0.16042   0.12846   0.01016   0.00964   4.78407   3.33549   0.04032  
 74 78.9338  50974.328671  x:  4.82534   0.30928   0.05042   0.05115   0.24109   0.01775   0.05679   0.05710   0.01728   0.01712   0.05381   0.20849   0.17883   0.21512   0.00809   0.00209   0.40624   0.27591   0.02091   0.04071   0.16760   0.01403   0.15370   0.08425   0.05238   0.04729   0.00125   0.00000   0.06979   0.16132   0.13165   0.01011   0.00977   4.78926   3.34566   0.04057  
 75 89.9475  50973.797278  x:  4.82743   0.30713   0.04700   0.05245   0.24281   0.01756   0.05631   0.05657   0.01729   0.01713   0.05432   0.20949   0.17933   0.21516   0.00808   0.00208   0.40596   0.27086   0.02671   0.04302   0.16643   0.01403   0.15383   0.08447   0.05239   0.04705   0.00124   0.00000   0.06837   0.16064   0.12564   0.01003   0.00989   4.79136   3.35205   0.04079  
 76 68.3129  50972.311955  x:  4.83544   0.30249   0.05179   0.05012   0.25486   0.01729   0.05656   0.05707   0.01725   0.01720   0.05427   0.20324   0.18479   0.21144   0.00795   0.00214   0.40547   0.25667   0.02836   0.04274   0.16929   0.01401   0.15365   0.08464   0.05237   0.04709   0.00120   0.00000   0.06918   0.16255   0.12926   0.00982   0.01029   4.79937   3.37845   0.04152  
 77 67.1404  50969.427927  x:  4.85392   0.31647   0.04591   0.05153   0.25571   0.01731   0.05635   0.05731   0.01721   0.01733   0.05393   0.20082   0.18286   0.21507   0.00782   0.00216   0.40471   0.27657   0.01306   0.04010   0.16582   0.01493   0.15305   0.08507   0.05249   0.04702   0.00111   0.00000   0.07272   0.15562   0.13107   0.00927   0.01129   4.81784   3.43863   0.04301  
 78 83.1141  50968.997151  x:  4.85704   0.31808   0.04617   0.05113   0.25399   0.01739   0.05634   0.05727   0.01719   0.01735   0.05378   0.20261   0.18074   0.21425   0.00780   0.00216   0.40449   0.27957   0.00895   0.04214   0.16591   0.01493   0.15510   0.08469   0.05240   0.04707   0.00110   0.00000   0.06873   0.16182   0.13058   0.00925   0.01139   4.82096   3.44749   0.04323  
 79 118.4330  50968.954006  x:  4.85773   0.31726   0.04631   0.05147   0.25325   0.01736   0.05635   0.05726   0.01719   0.01735   0.05389   0.20489   0.18072   0.21352   0.00780   0.00216   0.40425   0.27887   0.00720   0.04156   0.16550   0.01499   0.15444   0.08492   0.05237   0.04705   0.00110   0.00000   0.06974   0.16236   0.13001   0.00924   0.01141   4.82165   3.44777   0.04325  
 80 19.3648  50968.893202  x:  4.85879   0.31687   0.04583   0.05231   0.25332   0.01729   0.05639   0.05716   0.01718   0.01736   0.05404   0.20711   0.18191   0.21216   0.00779   0.00216   0.40399   0.27887   0.00653   0.04220   0.16628   0.01491   0.15518   0.08491   0.05236   0.04706   0.00110   0.00000   0.06864   0.16095   0.13113   0.00923   0.01142   4.82271   3.44532   0.04324  
 81  8.6335  50968.256504  x:  4.86903   0.31925   0.04559   0.04826   0.25542   0.01735   0.05629   0.05719   0.01717   0.01739   0.05360   0.20974   0.18798   0.20320   0.00770   0.00221   0.40363   0.28379   0.01014   0.04176   0.16565   0.01512   0.15406   0.08487   0.05240   0.04700   0.00107   0.00000   0.06989   0.16244   0.13014   0.00913   0.01153   4.83295   3.41213   0.04315  
 82 26.2800  50964.857406  x:  4.92763   0.31414   0.04705   0.05039   0.25355   0.01723   0.05645   0.05709   0.01711   0.01755   0.05349   0.20426   0.18164   0.21319   0.00747   0.00224   0.40229   0.28033   0.00628   0.04084   0.16668   0.01584   0.15767   0.08396   0.05225   0.04691   0.00094   0.00000   0.07130   0.16210   0.12900   0.00859   0.01213   4.89153   3.24187   0.04290  
 83 163.6097  50964.648251  x:  4.93104   0.31383   0.04698   0.05053   0.25339   0.01725   0.05638   0.05708   0.01710   0.01756   0.05339   0.20395   0.18130   0.21403   0.00747   0.00224   0.40238   0.28006   0.00607   0.04201   0.16578   0.01608   0.15275   0.08491   0.05219   0.04689   0.00094   0.00000   0.06899   0.16204   0.13020   0.00858   0.01214   4.89494   3.23448   0.04290  
 84 86.0492  50931.525571  x:  5.23469   0.29899   0.04983   0.05432   0.24738   0.01720   0.05668   0.05547   0.01670   0.01810   0.05202   0.20262   0.19425   0.21563   0.00647   0.00226   0.45140   0.28434   0.01661   0.04218   0.17046   0.01937   0.15231   0.08387   0.05108   0.04586   0.00000   0.00000   0.06904   0.16321   0.12651   0.00693   0.01073   5.19848   3.32512   0.04133  
 85 12.8744  50889.795864  x:  6.10717   0.25658   0.05772   0.06525   0.23002   0.01787   0.05728   0.05103   0.01596   0.01874   0.04860   0.19831   0.23043   0.21943   0.00475   0.00197   0.58928   0.29635   0.04688   0.04182   0.18301   0.02540   0.15111   0.08077   0.04851   0.04368   0.00027   0.00000   0.06886   0.16642   0.11623   0.00446   0.00680   6.07081   3.57865   0.03681  
 86 10.2562  50866.381517  x:  6.84855   0.24304   0.05183   0.06606   0.25231   0.01690   0.05458   0.05280   0.01771   0.01844   0.05322   0.19951   0.21721   0.21228   0.00652   0.00271   0.58168   0.30760   0.06436   0.04019   0.17902   0.02290   0.15435   0.08288   0.04719   0.04520   0.00032   0.00000   0.07027   0.16544   0.12665   0.01563   0.00270   6.81221   3.63467   0.03437  
 87  0.8408  50854.252567  x:  7.56801   0.22975   0.04549   0.06512   0.26463   0.01565   0.05449   0.05509   0.01722   0.01796   0.05563   0.20294   0.20052   0.20799   0.00612   0.00314   0.56046   0.31460   0.08135   0.04028   0.17312   0.02051   0.15680   0.08485   0.04891   0.04594   0.00032   0.00000   0.07117   0.16419   0.13245   0.01166   0.00939   7.53171   3.67915   0.03296  
 88  0.8131  50847.377070  x:  8.16387   0.19955   0.04667   0.06720   0.25822   0.01585   0.05612   0.05433   0.01652   0.01793   0.05401   0.20356   0.20582   0.20978   0.00585   0.00261   0.58206   0.31780   0.10943   0.04079   0.17506   0.02042   0.15636   0.08429   0.04928   0.04496   0.00027   0.00000   0.07147   0.16547   0.12807   0.00743   0.00724   8.12741   3.74658   0.03083  
 89  0.8253  50846.148189  x:  8.20065   0.19361   0.04722   0.06667   0.25555   0.01628   0.05648   0.05429   0.01674   0.01797   0.05352   0.20382   0.20646   0.21097   0.00610   0.00238   0.57750   0.31635   0.11594   0.04099   0.17500   0.01968   0.15599   0.08412   0.04945   0.04500   0.00027   0.00000   0.07130   0.16573   0.12694   0.00750   0.00593   8.16415   3.73660   0.03163  
 90  0.0743  50845.866915  x:  8.26099   0.18960   0.04774   0.06625   0.25577   0.01642   0.05630   0.05429   0.01704   0.01814   0.05368   0.20472   0.20810   0.21184   0.00617   0.00237   0.57425   0.31536   0.12310   0.04080   0.17534   0.01944   0.15604   0.08419   0.04934   0.04522   0.00027   0.00000   0.07141   0.16581   0.12730   0.00857   0.00535   8.22449   3.71889   0.03130  
 91  0.0805  50845.825756  x:  8.31649   0.18678   0.04774   0.06600   0.25669   0.01634   0.05622   0.05436   0.01700   0.01817   0.05386   0.20502   0.20868   0.21206   0.00621   0.00239   0.57252   0.31515   0.12719   0.04073   0.17547   0.01949   0.15617   0.08426   0.04923   0.04524   0.00027   0.00000   0.07145   0.16584   0.12774   0.00834   0.00559   8.28000   3.71861   0.03114  
 92  0.0574  50845.822028  x:  8.32874   0.18538   0.04775   0.06601   0.25656   0.01634   0.05627   0.05435   0.01696   0.01815   0.05376   0.20503   0.20895   0.21216   0.00615   0.00240   0.57303   0.31523   0.12841   0.04074   0.17559   0.01957   0.15613   0.08421   0.04928   0.04522   0.00027   0.00000   0.07142   0.16591   0.12755   0.00836   0.00558   8.29224   3.72154   0.03114  
 93  0.0137  50845.819099  x:  8.32801   0.18322   0.04761   0.06594   0.25677   0.01635   0.05626   0.05437   0.01698   0.01812   0.05379   0.20511   0.20862   0.21218   0.00622   0.00240   0.57285   0.31546   0.13044   0.04072   0.17543   0.01970   0.15616   0.08422   0.04928   0.04523   0.00028   0.00000   0.07143   0.16587   0.12762   0.00838   0.00555   8.29142   3.72186   0.03114  
 94  0.0007  50845.816366  x:  8.31747   0.18114   0.04765   0.06594   0.25679   0.01635   0.05625   0.05437   0.01697   0.01814   0.05378   0.20501   0.20865   0.21212   0.00615   0.00241   0.57313   0.31558   0.13233   0.04070   0.17543   0.01967   0.15617   0.08420   0.04929   0.04524   0.00028   0.00000   0.07142   0.16586   0.12765   0.00838   0.00559   8.28083   3.72063   0.03116  
 95  0.0062  50845.815542  x:  8.31727   0.18054   0.04768   0.06596   0.25670   0.01634   0.05627   0.05436   0.01697   0.01816   0.05376   0.20498   0.20879   0.21214   0.00617   0.00240   0.57313   0.31551   0.13301   0.04072   0.17549   0.01959   0.15615   0.08421   0.04927   0.04521   0.00029   0.00000   0.07143   0.16588   0.12760   0.00835   0.00557   8.28061   3.72127   0.03116  
 96  0.0007  50845.814591  x:  8.31455   0.18078   0.04767   0.06597   0.25660   0.01634   0.05626   0.05434   0.01698   0.01816   0.05377   0.20497   0.20883   0.21214   0.00619   0.00239   0.57276   0.31537   0.13287   0.04073   0.17552   0.01951   0.15613   0.08423   0.04927   0.04522   0.00029   0.00000   0.07144   0.16589   0.12757   0.00837   0.00559   8.27790   3.72089   0.03118  
 97  0.0011  50845.811907  x:  8.32081   0.18192   0.04764   0.06603   0.25658   0.01635   0.05624   0.05436   0.01697   0.01812   0.05381   0.20500   0.20878   0.21210   0.00615   0.00240   0.57272   0.31534   0.13178   0.04072   0.17551   0.01954   0.15615   0.08424   0.04929   0.04526   0.00031   0.00000   0.07145   0.16587   0.12763   0.00837   0.00556   8.28426   3.72159   0.03115  
 98  0.0020  50845.811293  x:  8.32145   0.18231   0.04767   0.06602   0.25660   0.01634   0.05626   0.05436   0.01697   0.01814   0.05377   0.20498   0.20882   0.21212   0.00617   0.00240   0.57310   0.31541   0.13130   0.04072   0.17551   0.01961   0.15615   0.08421   0.04927   0.04522   0.00031   0.00000   0.07143   0.16588   0.12760   0.00836   0.00557   8.28487   3.72180   0.03115  
 99  0.0009  50845.811252  x:  8.32125   0.18235   0.04769   0.06599   0.25665   0.01634   0.05626   0.05436   0.01697   0.01815   0.05377   0.20500   0.20880   0.21213   0.00617   0.00240   0.57309   0.31542   0.13127   0.04072   0.17550   0.01961   0.15615   0.08421   0.04927   0.04522   0.00031   0.00000   0.07143   0.16588   0.12759   0.00836   0.00557   8.28467   3.72125   0.03115  
100  0.0005  50845.811250  x:  8.32129   0.18234   0.04769   0.06599   0.25665   0.01634   0.05626   0.05436   0.01697   0.01815   0.05377   0.20501   0.20880   0.21214   0.00617   0.00240   0.57311   0.31543   0.13128   0.04072   0.17550   0.01960   0.15615   0.08421   0.04927   0.04522   0.00031   0.00000   0.07143   0.16588   0.12759   0.00836   0.00557   8.28472   3.72129   0.03115  
101  0.0001  50845.811250  x:  8.32131   0.18234   0.04769   0.06598   0.25666   0.01634   0.05626   0.05436   0.01697   0.01815   0.05377   0.20501   0.20880   0.21214   0.00617   0.00240   0.57311   0.31543   0.13127   0.04072   0.17550   0.01960   0.15615   0.08421   0.04927   0.04522   0.00031   0.00000   0.07143   0.16588   0.12759   0.00836   0.00557   8.28470   3.72127   0.03115  