

TREE # 1

  0  0.0000  65931.506716  x:  0.54020   0.00531   0.05368   0.00000   0.09556   0.02179   0.07899   0.05753   0.05817   0.03506   0.07674   0.08655   0.10708   0.10833   0.00903   0.02681   0.19403   0.15837   0.11201   0.04102   0.10097   0.03943   0.08258   0.06596   0.06758   0.03136   0.04764   0.02813   0.03963   0.07143   0.07485   0.05882   0.01250   0.46717   1.78778   1.73142   2.17895   2.13544  
  1 99.0000  65539.533750  x:  0.54569   0.02364   0.05668   0.15642   0.09984   0.02037   0.07564   0.05513   0.05197   0.03042   0.07315   0.08949   0.10892   0.11160   0.00437   0.01992   0.19723   0.16046   0.11481   0.04156   0.10341   0.03785   0.08597   0.06705   0.06555   0.03399   0.03977   0.02018   0.04231   0.07796   0.07827   0.05205   0.00840   0.47267   1.79077   1.72999   2.17590   2.13278  
  2 61002.3553  65114.909062  x:  0.55902   0.03947   0.05754   0.15444   0.10414   0.01787   0.06761   0.04977   0.03691   0.02003   0.06418   0.09326   0.11308   0.11907   0.00079   0.00382   0.20121   0.16428   0.11871   0.04278   0.10904   0.03425   0.09349   0.06950   0.06070   0.03892   0.01980   0.00000   0.04696   0.09158   0.08582   0.03538   0.00173   0.48599   1.79831   1.72648   2.16811   2.12615  
  3 8818.3519  65037.388389  x:  0.56269   0.04351   0.05776   0.15401   0.10530   0.01729   0.06545   0.04837   0.03284   0.01740   0.06176   0.09427   0.11419   0.12108   0.00340   0.00029   0.20230   0.16530   0.11970   0.04307   0.11055   0.03329   0.09548   0.07014   0.05940   0.04016   0.01425   0.00000   0.04814   0.09514   0.08780   0.03085   0.00166   0.48967   1.80040   1.72550   2.16595   2.12431  
  4 98560.3167  64847.377214  x:  0.57211   0.05373   0.05830   0.15292   0.10826   0.01589   0.05994   0.04482   0.02248   0.01087   0.05558   0.09684   0.11701   0.12617   0.00681   0.00220   0.20508   0.16791   0.12221   0.04380   0.11440   0.03085   0.10056   0.07177   0.05608   0.04329   0.00000   0.00000   0.05113   0.10419   0.09284   0.01929   0.00213   0.49909   1.80577   1.72299   2.16038   2.11958  
  5 75264.1626  64766.306162  x:  0.58219   0.06457   0.05887   0.15176   0.11141   0.01443   0.05406   0.04105   0.01146   0.00405   0.04899   0.09957   0.12002   0.13161   0.01031   0.00418   0.20805   0.17069   0.12487   0.04456   0.11850   0.02825   0.10596   0.07349   0.05253   0.04661   0.00043   0.00000   0.05429   0.11381   0.09820   0.00695   0.00286   0.50916   1.81153   1.72031   2.15441   2.11451  
  6 37837.9168  64705.111660  x:  0.58902   0.07026   0.05910   0.15115   0.11334   0.01455   0.05066   0.03926   0.00718   0.00979   0.04511   0.10118   0.12179   0.13486   0.00998   0.00413   0.20998   0.17237   0.12617   0.04481   0.12099   0.02683   0.10909   0.07441   0.05046   0.04813   0.00046   0.00000   0.05579   0.11916   0.10114   0.00139   0.00684   0.51599   1.81555   1.71843   2.15020   2.11096  
  7 18931.3401  64591.301245  x:  0.61395   0.08863   0.05966   0.14919   0.12002   0.01611   0.03946   0.03404   0.00221   0.01762   0.03223   0.10661   0.12778   0.14602   0.00978   0.00432   0.21689   0.17814   0.13010   0.04536   0.12957   0.02230   0.11965   0.07735   0.04355   0.05262   0.00060   0.00000   0.06031   0.13687   0.11083   0.01434   0.01706   0.54092   1.83042   1.71145   2.13453   2.09780  
  8 17719.8285  64490.783642  x:  0.64281   0.10869   0.06015   0.14704   0.12747   0.01811   0.02794   0.02922   0.01635   0.02315   0.01885   0.11257   0.13440   0.15845   0.01055   0.00493   0.22477   0.18459   0.13418   0.04574   0.13916   0.01768   0.13132   0.08049   0.03622   0.05724   0.00077   0.00000   0.06497   0.15634   0.12137   0.02044   0.02553   0.56979   1.84782   1.70327   2.11615   2.08239  
  9 47722.8552  63973.422259  x:  0.85493   0.15625   0.05029   0.14152   0.16150   0.07095   0.08169   0.09137   0.02569   0.03515   0.10191   0.13123   0.15742   0.21133   0.01813   0.00845   0.27312   0.21318   0.12614   0.02869   0.18208   0.03904   0.17246   0.08183   0.04186   0.04324   0.00122   0.00000   0.05352   0.21674   0.14515   0.02909   0.02499   0.78190   1.98884   1.63589   1.96215   1.95547  
 10 7885.4396  62608.442973  x:  1.20477   0.09416   0.02281   0.14661   0.15509   0.00000   0.06511   0.07156   0.02151   0.03677   0.09092   0.10469   0.13673   0.21398   0.01965   0.00901   0.32039   0.21962   0.05034   0.03663   0.18130   0.00809   0.14877   0.04708   0.08820   0.00987   0.00119   0.00000   0.00876   0.18043   0.09541   0.02608   0.00886   1.13174   2.26460   1.49806   1.63729   1.69475  
 11 9306.4483  62122.334896  x:  1.38427   0.05439   0.01230   0.14991   0.14744   0.01887   0.04933   0.05217   0.01791   0.03285   0.07452   0.08765   0.12199   0.20807   0.01901   0.00859   0.34143   0.21998   0.01052   0.04575   0.17513   0.00104   0.12983   0.03170   0.11110   0.01592   0.00108   0.00000   0.00774   0.15150   0.06543   0.02169   0.00086   1.31125   2.41042   1.42439   1.46225   1.55510  
 12 84162.8099  61933.021099  x:  1.44333   0.04211   0.01054   0.15088   0.14437   0.01990   0.04489   0.04597   0.01713   0.02956   0.06939   0.08187   0.11678   0.20513   0.01679   0.00761   0.34793   0.21983   0.00000   0.04916   0.17245   0.00985   0.12290   0.02835   0.11856   0.01865   0.00098   0.00000   0.01255   0.14072   0.05577   0.02019   0.00351   1.37030   2.45898   1.39971   1.40334   1.50828  
 13 195731.9640  61123.892767  x:  1.69968   0.01051   0.02707   0.15280   0.12236   0.01629   0.04123   0.02701   0.01482   0.02547   0.05659   0.05323   0.08760   0.17522   0.01468   0.00662   0.36939   0.21424   0.04112   0.06320   0.14746   0.00683   0.07904   0.03469   0.15268   0.03528   0.00084   0.00000   0.04892   0.06860   0.01486   0.01710   0.00175   1.62666   2.67893   1.28569   1.12678   1.29185  
 14 65427.1645  60828.699237  x:  1.77143   0.00000   0.03038   0.15362   0.11294   0.01810   0.04138   0.02349   0.01429   0.02051   0.05115   0.04617   0.07825   0.15991   0.01096   0.00501   0.37180   0.20976   0.05029   0.06695   0.13520   0.00456   0.06358   0.03797   0.16321   0.03742   0.00069   0.00000   0.05031   0.04570   0.03218   0.01540   0.00818   1.69841   2.74477   1.25069   1.03989   1.22439  
 15 64399.0535  60624.759514  x:  1.81448   0.00342   0.03099   0.15356   0.10399   0.02073   0.03952   0.02360   0.01332   0.02359   0.04166   0.04564   0.07308   0.14225   0.01408   0.00631   0.36839   0.20353   0.05536   0.06953   0.12174   0.01421   0.05431   0.04096   0.16982   0.03631   0.00078   0.00000   0.04281   0.03758   0.03872   0.01541   0.00000   1.74146   2.79007   1.22537   0.97434   1.17404  
 16 39119.5515  60257.128351  x:  1.92168   0.02072   0.03062   0.15289   0.07933   0.03257   0.03633   0.02733   0.01168   0.02048   0.01812   0.04673   0.06043   0.09208   0.01297   0.00574   0.35638   0.18529   0.06933   0.07574   0.08363   0.03094   0.03159   0.04715   0.18833   0.03122   0.00071   0.00000   0.01294   0.02289   0.03913   0.01354   0.00102   1.84866   2.90708   1.15921   0.80155   1.04161  
 17 173211.0943  59766.189430  x:  2.01925   0.01029   0.03242   0.15403   0.05279   0.03588   0.03633   0.02938   0.01104   0.01942   0.00731   0.05170   0.05376   0.03292   0.01253   0.00554   0.33369   0.15940   0.07838   0.08406   0.03863   0.03358   0.02901   0.05515   0.20934   0.02754   0.00068   0.00000   0.01320   0.04431   0.04037   0.01285   0.00095   1.94623   3.02866   1.08795   0.60731   0.89601  
 18 52665.4068  59252.030532  x:  2.09706   0.00967   0.03251   0.15455   0.03482   0.03767   0.01970   0.01850   0.01122   0.01901   0.01944   0.06510   0.06222   0.00877   0.01231   0.00544   0.29697   0.12726   0.08220   0.09679   0.01340   0.03588   0.03959   0.06003   0.22813   0.02767   0.00066   0.00000   0.01007   0.03267   0.04088   0.01262   0.00100   2.02404   3.14998   1.01320   0.39068   0.73749  
 19 43834.9332  58590.841755  x:  2.16924   0.00250   0.03372   0.15562   0.01440   0.04059   0.01643   0.01732   0.01072   0.01792   0.01351   0.07619   0.06557   0.00491   0.01177   0.00519   0.25669   0.09233   0.08913   0.10965   0.00149   0.03860   0.03619   0.06520   0.25106   0.02468   0.00063   0.00000   0.00708   0.02886   0.04052   0.01191   0.00098   2.09622   3.27106   0.93793   0.16955   0.57716  
 20 158834.5428  58394.644474  x:  2.19366   0.00000   0.03415   0.15599   0.00738   0.04161   0.01511   0.01673   0.01055   0.01754   0.01165   0.07991   0.06642   0.00140   0.01159   0.00510   0.24292   0.08037   0.09158   0.11407   0.00094   0.03954   0.03501   0.06702   0.25894   0.02363   0.00062   0.00000   0.00594   0.02760   0.04041   0.01167   0.00098   2.12064   3.31220   0.91234   0.09445   0.52270  
 21 1763574.8034  58394.644474  x:  2.19366   0.00000   0.03415   0.15599   0.00738   0.04161   0.01511   0.01673   0.01055   0.01754   0.01165   0.07991   0.06642   0.00140   0.01159   0.00510   0.24292   0.08037   0.09158   0.11407   0.00094   0.03954   0.03501   0.06702   0.25894   0.02363   0.00062   0.00000   0.00594   0.02760   0.04041   0.01167   0.00098   2.12064   3.31220   0.91234   0.09445   0.52270  
 22 36302.5951  56519.273275  x:  2.19363   0.00412   0.03502   0.15606   0.01730   0.04144   0.01784   0.01889   0.01122   0.01758   0.01455   0.08265   0.06978   0.03503   0.01097   0.00484   0.24336   0.08233   0.09259   0.11442   0.05390   0.04158   0.03797   0.06740   0.25806   0.02408   0.00000   0.00000   0.01142   0.03187   0.04281   0.01142   0.00605   2.12061   3.31228   0.91218   0.09171   0.52140  
 23 156791.9163  55721.105879  x:  2.19348   0.02319   0.03911   0.15629   0.05860   0.04057   0.03044   0.02896   0.01438   0.01779   0.02739   0.09446   0.08435   0.15484   0.00791   0.00338   0.24554   0.09183   0.09727   0.11518   0.23889   0.04861   0.05172   0.06924   0.25369   0.02630   0.14117   0.00000   0.03369   0.05191   0.05417   0.00995   0.02376   2.12045   3.31269   0.91127   0.07861   0.51514  
 24 469757.0736  54811.379356  x:  2.19281   0.06047   0.04941   0.15424   0.08769   0.03560   0.04748   0.04516   0.01839   0.01796   0.03871   0.11010   0.10759   0.15199   0.00000   0.00088   0.25463   0.12180   0.10376   0.10511   0.22908   0.03958   0.08131   0.07564   0.23543   0.03303   0.13756   0.00000   0.04100   0.08967   0.08076   0.00034   0.00659   2.11978   3.31441   0.90607   0.03077   0.49047  
 25 12965.0650  54796.359741  x:  2.19279   0.06158   0.04972   0.15418   0.08855   0.03545   0.04798   0.04565   0.01851   0.01796   0.03904   0.11056   0.10828   0.15190   0.00013   0.00084   0.25490   0.12270   0.10395   0.10481   0.22878   0.03931   0.08219   0.07583   0.23488   0.03323   0.13745   0.00000   0.04122   0.09080   0.08155   0.00009   0.00609   2.11976   3.31446   0.90591   0.02935   0.48973  
 26 1001972.2232  54694.724175  x:  2.19263   0.06996   0.05205   0.15372   0.09512   0.03432   0.05179   0.04926   0.01939   0.01800   0.04158   0.11411   0.11355   0.15125   0.00057   0.00113   0.25698   0.12946   0.10538   0.10252   0.22656   0.03726   0.08883   0.07726   0.23073   0.03473   0.13665   0.00000   0.04285   0.09925   0.08751   0.00229   0.00242   2.11961   3.31486   0.90473   0.01885   0.48411  
 27 449055.2462  54407.016936  x:  2.19225   0.08680   0.05722   0.15291   0.10913   0.03179   0.05839   0.05550   0.02037   0.01805   0.04629   0.12232   0.12560   0.14929   0.00000   0.01392   0.26239   0.14379   0.10721   0.09689   0.22148   0.03251   0.10143   0.07980   0.22033   0.03718   0.13505   0.00000   0.04555   0.11478   0.09844   0.00170   0.00728   2.11923   3.31576   0.90184   0.02481   0.47001  
 28 23499.0293  54213.195588  x:  2.19178   0.10018   0.06182   0.15202   0.12176   0.02900   0.06159   0.05840   0.01955   0.01788   0.04910   0.13051   0.13766   0.14771   0.00113   0.00000   0.26878   0.15627   0.10657   0.09039   0.21801   0.02797   0.11001   0.08101   0.20777   0.03791   0.13385   0.00000   0.04679   0.12466   0.10519   0.00425   0.00746   2.11876   3.31680   0.89843   0.03955   0.45260  
 29 18421.5110  54162.506532  x:  2.19158   0.10261   0.06294   0.15160   0.12512   0.02789   0.06067   0.05742   0.01825   0.01768   0.04890   0.13315   0.14158   0.14756   0.00113   0.00026   0.27142   0.15927   0.10491   0.08775   0.21806   0.02666   0.11053   0.08062   0.20229   0.03714   0.13374   0.00000   0.04639   0.12472   0.10502   0.00437   0.00149   2.11855   3.31724   0.89697   0.04284   0.44476  
 30 12098.6317  53638.507717  x:  2.18888   0.11959   0.07274   0.14502   0.15741   0.01433   0.03963   0.03594   0.00000   0.01547   0.04028   0.16193   0.18439   0.14228   0.00105   0.00030   0.30393   0.18728   0.07774   0.05449   0.21736   0.01310   0.10439   0.07224   0.13116   0.02384   0.13334   0.00000   0.03731   0.10878   0.09046   0.00407   0.00399   2.11585   3.32303   0.87814   0.03861   0.34096  
 31 16767.6431  53343.259451  x:  2.18660   0.13328   0.08084   0.13946   0.18420   0.00301   0.02157   0.01760   0.00122   0.01388   0.03281   0.18601   0.22022   0.13779   0.00099   0.00032   0.33133   0.21045   0.05460   0.02653   0.21689   0.00188   0.09864   0.06504   0.07118   0.01257   0.13300   0.00000   0.02954   0.09459   0.07766   0.00383   0.00574   2.11357   3.32791   0.86226   0.03531   0.25329  
 32 315446.3166  53001.668242  x:  2.18425   0.14052   0.08622   0.13348   0.20492   0.01322   0.01783   0.01785   0.00136   0.01776   0.03167   0.20686   0.25081   0.13057   0.00095   0.00034   0.35783   0.22794   0.03130   0.00982   0.21665   0.01818   0.08989   0.06027   0.01544   0.02226   0.13246   0.00000   0.02915   0.07739   0.06404   0.00367   0.00650   2.11122   3.33283   0.84601   0.03322   0.15919  
 33 29756.5818  52656.961187  x:  2.18154   0.14252   0.08930   0.12624   0.22156   0.00723   0.02824   0.02537   0.00139   0.01747   0.02656   0.22672   0.27990   0.12110   0.00092   0.00035   0.38660   0.24143   0.00840   0.01575   0.21838   0.01101   0.07746   0.05580   0.00658   0.02618   0.13193   0.00000   0.03730   0.05953   0.05249   0.00355   0.00707   2.10851   3.33826   0.82737   0.03158   0.04553  
 34 15782.5792  52623.589956  x:  2.18112   0.14331   0.08988   0.12515   0.22436   0.00877   0.02625   0.02392   0.00141   0.01789   0.02694   0.22988   0.28452   0.11965   0.00091   0.00035   0.39102   0.24375   0.00524   0.01409   0.21866   0.01216   0.07637   0.05561   0.01008   0.02712   0.13187   0.00000   0.03742   0.05803   0.05151   0.00353   0.00716   2.10810   3.33907   0.82450   0.03131   0.03061  
 35 19067.5211  52604.148179  x:  2.17997   0.14066   0.08883   0.12185   0.22571   0.01096   0.02303   0.02182   0.00144   0.01788   0.02849   0.23504   0.29192   0.11391   0.00091   0.00036   0.40174   0.24446   0.00000   0.02152   0.22130   0.01341   0.07364   0.05746   0.00958   0.02438   0.13182   0.00000   0.04088   0.05941   0.05452   0.00350   0.00729   2.10695   3.34099   0.81647   0.03095   0.02958  
 36 1701.7040  52604.148179  x:  2.17997   0.14066   0.08883   0.12185   0.22571   0.01096   0.02303   0.02182   0.00144   0.01788   0.02849   0.23504   0.29192   0.11391   0.00091   0.00036   0.40174   0.24446   0.00000   0.02152   0.22130   0.01341   0.07364   0.05746   0.00958   0.02438   0.13182   0.00000   0.04088   0.05941   0.05452   0.00350   0.00729   2.10695   3.34099   0.81647   0.03095   0.02958  
 37 4487.6541  52406.736121  x:  2.17988   0.14228   0.08871   0.12151   0.22588   0.01336   0.02805   0.02715   0.02929   0.01898   0.03112   0.23514   0.29194   0.11265   0.02374   0.02711   0.40218   0.24508   0.00215   0.02426   0.22092   0.01512   0.07675   0.05944   0.02268   0.02891   0.12797   0.00000   0.04321   0.06460   0.05883   0.00714   0.00742   2.10686   3.34110   0.81576   0.03023   0.03141  
 38 35769.7852  51827.788235  x:  2.17859   0.16328   0.08718   0.11689   0.22823   0.03719   0.07503   0.07252   0.03479   0.01709   0.05881   0.23655   0.29225   0.09581   0.00262   0.00673   0.40812   0.25341   0.02994   0.05488   0.21559   0.03327   0.11514   0.08234   0.08606   0.06459   0.07554   0.00000   0.06995   0.12644   0.10976   0.01255   0.00140   2.10557   3.34256   0.80619   0.02524   0.04676  
 39 9457.8615  51748.553821  x:  2.17793   0.17037   0.08639   0.11494   0.22944   0.03682   0.08009   0.07745   0.03180   0.01592   0.06129   0.23750   0.29277   0.08872   0.00787   0.00187   0.41107   0.25672   0.03936   0.05917   0.21234   0.03357   0.12515   0.08657   0.09197   0.06621   0.04902   0.00000   0.07406   0.14053   0.12070   0.01134   0.02351   2.10491   3.34333   0.80164   0.03744   0.03615  
 40 8332.5146  51604.400723  x:  2.17688   0.17941   0.08467   0.11153   0.23092   0.03139   0.08064   0.07803   0.02610   0.01495   0.06058   0.23869   0.29338   0.07869   0.01289   0.00373   0.41521   0.26100   0.05124   0.06154   0.20727   0.03078   0.13660   0.09005   0.09171   0.06271   0.00670   0.00000   0.07683   0.15518   0.13144   0.00299   0.03273   2.10385   3.34462   0.79455   0.02407   0.02022  
 41 10212.9796  51582.052858  x:  2.17671   0.18067   0.08441   0.11103   0.23117   0.03027   0.08024   0.07765   0.02560   0.01501   0.06020   0.23891   0.29351   0.07727   0.01331   0.00413   0.41587   0.26163   0.05286   0.06160   0.20652   0.03016   0.13803   0.09035   0.09109   0.06179   0.00000   0.00000   0.07699   0.15688   0.13261   0.00255   0.03269   2.10369   3.34482   0.79345   0.02406   0.02085  
 42 15518.1044  51553.963896  x:  2.17587   0.18693   0.08309   0.10852   0.23243   0.02452   0.07799   0.07553   0.02308   0.01529   0.05816   0.24001   0.29419   0.07017   0.01547   0.00626   0.41918   0.26478   0.06095   0.06178   0.20275   0.02691   0.14507   0.09176   0.08769   0.05698   0.00002   0.00000   0.07772   0.16517   0.13832   0.00040   0.03235   2.10285   3.34581   0.78792   0.02394   0.02409  
 43 2920.8695  51512.451773  x:  2.17395   0.20111   0.08009   0.10279   0.23527   0.01141   0.07271   0.07054   0.01718   0.01593   0.05348   0.24252   0.29572   0.05410   0.02006   0.01081   0.42671   0.27191   0.07928   0.06208   0.19417   0.01946   0.16096   0.09489   0.07967   0.04595   0.00004   0.00000   0.07926   0.18384   0.15114   0.00316   0.03129   2.10093   3.34807   0.77531   0.02261   0.02967  
 44 82668.2542  51487.054141  x:  2.17265   0.20930   0.07812   0.09920   0.23727   0.00634   0.06930   0.06723   0.01899   0.01742   0.05202   0.24443   0.29704   0.04652   0.01964   0.01173   0.43167   0.27626   0.08996   0.06144   0.18888   0.01542   0.16949   0.09607   0.07464   0.04033   0.00004   0.00000   0.07935   0.19372   0.15750   0.00308   0.02310   2.09963   3.34960   0.76695   0.02797   0.02420  
 45 6927.9149  51455.282868  x:  2.16976   0.22234   0.07397   0.09231   0.24191   0.01456   0.06098   0.05888   0.03422   0.01872   0.05510   0.24926   0.30099   0.04425   0.01928   0.00154   0.44193   0.28399   0.10738   0.05633   0.17975   0.01095   0.18013   0.09528   0.06269   0.03534   0.00004   0.00000   0.07568   0.20487   0.16249   0.00302   0.02205   2.09673   3.35298   0.74899   0.02572   0.02458  
 46 2687.6481  51431.232957  x:  2.16555   0.23593   0.06833   0.08402   0.24825   0.02240   0.05418   0.05195   0.03445   0.01051   0.05808   0.25653   0.30729   0.05424   0.01499   0.00829   0.45591   0.29314   0.12623   0.04894   0.17071   0.01555   0.18828   0.09293   0.05234   0.04404   0.00004   0.00000   0.06951   0.21268   0.16317   0.00331   0.02147   2.09253   3.35790   0.72338   0.02686   0.02448  
 47 2239.0902  51413.300567  x:  2.16045   0.24799   0.06195   0.07556   0.25505   0.02090   0.05188   0.05085   0.03358   0.02410   0.05638   0.26438   0.31410   0.06492   0.01366   0.01035   0.47181   0.30234   0.14379   0.04124   0.16322   0.02189   0.19232   0.08894   0.04877   0.05423   0.00005   0.00000   0.06280   0.21571   0.15954   0.00341   0.02207   2.08742   3.36391   0.69220   0.02634   0.02470  
 48 2883.1624  51375.599563  x:  2.14913   0.26542   0.04954   0.06113   0.26794   0.00744   0.05872   0.05834   0.03697   0.01651   0.04827   0.27863   0.32596   0.07448   0.01950   0.00000   0.50436   0.31866   0.17146   0.03136   0.15441   0.02760   0.18981   0.07901   0.05629   0.05932   0.00004   0.00000   0.05390   0.21028   0.14467   0.00327   0.01899   2.07610   3.37731   0.62209   0.02456   0.02491  
 49 2574.2853  51295.507933  x:  2.11810   0.30017   0.02085   0.03157   0.30011   0.02164   0.08068   0.08033   0.02737   0.01764   0.05170   0.31200   0.35189   0.07264   0.01874   0.00539   0.58852   0.35747   0.23158   0.02833   0.14430   0.02671   0.17117   0.05835   0.07137   0.03625   0.00005   0.00000   0.05042   0.18432   0.10410   0.00353   0.01755   2.04507   3.41416   0.42579   0.02388   0.02492  
 50 4693.4651  51191.433187  x:  2.08700   0.32309   0.00645   0.02086   0.32859   0.02007   0.07937   0.07957   0.02926   0.01763   0.05115   0.34009   0.37142   0.07142   0.01590   0.00495   0.66799   0.39138   0.27781   0.04903   0.15093   0.03331   0.14960   0.06631   0.07612   0.03715   0.00005   0.00000   0.07034   0.15535   0.08220   0.00351   0.01779   2.01398   3.45160   0.21684   0.02180   0.02459  
 51 6689.2774  51178.986408  x:  2.08250   0.32393   0.01359   0.02493   0.33247   0.02057   0.08054   0.08076   0.02767   0.01784   0.05214   0.34332   0.37274   0.07609   0.01732   0.00475   0.68091   0.39591   0.28251   0.04541   0.15281   0.02893   0.14689   0.06605   0.07808   0.03544   0.00005   0.00000   0.06826   0.15324   0.08629   0.00354   0.01689   2.00948   3.45806   0.18075   0.02164   0.02456  
 52 2708.2600  51177.283968  x:  2.08179   0.32122   0.00744   0.02527   0.33304   0.01998   0.08096   0.08105   0.02795   0.01785   0.05216   0.34292   0.37104   0.07892   0.01653   0.00512   0.68687   0.39632   0.28179   0.04366   0.15523   0.02676   0.14663   0.06733   0.07828   0.03414   0.00005   0.00000   0.06767   0.15336   0.09008   0.00353   0.01725   2.00876   3.46114   0.17698   0.02163   0.02457  
 53 327.3362  51169.646565  x:  2.07603   0.29594   0.01169   0.01467   0.34086   0.02005   0.08330   0.08223   0.02792   0.01789   0.05197   0.33715   0.34888   0.08185   0.01750   0.00509   0.76214   0.40635   0.28316   0.03853   0.17067   0.02295   0.15099   0.07188   0.07475   0.03476   0.00005   0.00000   0.07071   0.15461   0.09306   0.00354   0.01677   2.00300   3.49827   0.18192   0.02129   0.02451  
 54 253.9035  51162.894201  x:  2.07037   0.26954   0.01031   0.03002   0.34915   0.01986   0.08219   0.08109   0.02816   0.01787   0.05237   0.33068   0.32686   0.08117   0.01718   0.00516   0.84277   0.41678   0.28652   0.03693   0.17379   0.02456   0.15479   0.06689   0.07487   0.03516   0.00005   0.00000   0.07337   0.15857   0.09239   0.00352   0.01679   1.99735   3.53937   0.18902   0.02057   0.02450  
 55 1353.6758  51159.397285  x:  2.06918   0.25086   0.01058   0.02722   0.34840   0.02020   0.07723   0.07791   0.02651   0.01805   0.05368   0.32291   0.32118   0.08225   0.01824   0.00464   0.88022   0.41620   0.28427   0.04227   0.15701   0.02411   0.15131   0.06739   0.08024   0.03468   0.00005   0.00000   0.07096   0.16075   0.09605   0.00350   0.01649   1.99616   3.56361   0.19018   0.02057   0.02461  
 56 469.4424  51158.542649  x:  2.06976   0.24472   0.01133   0.02730   0.34633   0.01924   0.07895   0.07901   0.02823   0.01783   0.05304   0.31922   0.32271   0.08118   0.01579   0.00557   0.88892   0.41383   0.28359   0.04249   0.15322   0.02678   0.15208   0.06947   0.07823   0.03353   0.00005   0.00000   0.06854   0.16214   0.09576   0.00347   0.01761   1.99674   3.57201   0.18929   0.02037   0.02473  
 57 288.3193  51157.711576  x:  2.07128   0.23811   0.01034   0.02790   0.34266   0.02011   0.08087   0.08008   0.02764   0.01783   0.05316   0.31419   0.32741   0.07901   0.01793   0.00500   0.89673   0.40953   0.28382   0.04305   0.15167   0.02649   0.15399   0.06983   0.07466   0.03607   0.00005   0.00000   0.06699   0.16391   0.09457   0.00350   0.01675   1.99826   3.58282   0.18799   0.02053   0.02481  
 58 299.5962  51156.442509  x:  2.07515   0.22943   0.01110   0.02791   0.33577   0.01959   0.08060   0.07968   0.02800   0.01785   0.05256   0.30652   0.34015   0.08175   0.01770   0.00506   0.90794   0.40131   0.28844   0.04589   0.15391   0.02572   0.15736   0.06546   0.07411   0.03485   0.00005   0.00000   0.06905   0.16688   0.09355   0.00350   0.01686   2.00212   3.60361   0.18776   0.02053   0.02483  
 59 295.9868  51155.398032  x:  2.07987   0.22413   0.01152   0.02935   0.33049   0.02009   0.07761   0.07774   0.02752   0.01787   0.05321   0.30172   0.35115   0.07970   0.01695   0.00517   0.91603   0.39440   0.29635   0.04223   0.15681   0.02518   0.15732   0.06865   0.07863   0.03475   0.00005   0.00000   0.06843   0.16589   0.09289   0.00349   0.01703   2.00685   3.62447   0.18912   0.02052   0.02480  
 60 296.2540  51154.581479  x:  2.08573   0.22095   0.01218   0.03043   0.32812   0.02055   0.07891   0.07857   0.02735   0.01787   0.05307   0.30149   0.35653   0.07909   0.01796   0.00489   0.91974   0.38961   0.30588   0.04089   0.15702   0.02694   0.15207   0.06919   0.07674   0.03450   0.00005   0.00000   0.07022   0.16222   0.09805   0.00350   0.01649   2.01271   3.64533   0.19124   0.02051   0.02485  
 61 204.7100  51154.069051  x:  2.09062   0.21812   0.01264   0.03083   0.32751   0.01982   0.07992   0.07909   0.02831   0.01777   0.05282   0.30278   0.35655   0.07874   0.01615   0.00558   0.91986   0.38685   0.31172   0.04097   0.15640   0.02382   0.15045   0.06899   0.07609   0.03625   0.00005   0.00000   0.07085   0.16063   0.09860   0.00349   0.01725   2.01759   3.66041   0.19167   0.02039   0.02495  
 62 262.9473  51150.228291  x:  2.13360   0.19022   0.01315   0.03278   0.32647   0.01902   0.08174   0.07977   0.02752   0.01798   0.05517   0.31765   0.34204   0.08588   0.01814   0.00486   0.91001   0.36683   0.35242   0.04479   0.15589   0.02167   0.15292   0.07463   0.07525   0.03356   0.00005   0.00000   0.07134   0.15689   0.09311   0.00358   0.01603   2.06058   3.78439   0.18862   0.02085   0.02528  
 63 476.0198  51147.581198  x:  2.16405   0.16811   0.01271   0.02988   0.32676   0.02032   0.07910   0.07805   0.02801   0.01785   0.05331   0.32599   0.33057   0.08195   0.01709   0.00491   0.90081   0.35555   0.37601   0.04394   0.15958   0.02588   0.15253   0.06821   0.07715   0.03467   0.00006   0.00000   0.06943   0.15730   0.09384   0.00359   0.01628   2.09103   3.86989   0.18354   0.02116   0.02545  
 64 1312.5468  51145.622159  x:  2.19018   0.14854   0.01239   0.02974   0.33827   0.02322   0.07688   0.08057   0.02779   0.01773   0.04682   0.32687   0.33588   0.08237   0.01736   0.00488   0.89006   0.37247   0.38457   0.04104   0.15973   0.02513   0.14783   0.07023   0.07706   0.03436   0.00006   0.00000   0.07396   0.16428   0.09147   0.00363   0.01590   2.11715   3.93639   0.18195   0.02128   0.02550  
 65 231.9942  51143.912579  x:  2.21471   0.13145   0.01196   0.02873   0.35010   0.01906   0.07801   0.07883   0.02803   0.01781   0.05526   0.32580   0.34321   0.08122   0.01729   0.00482   0.88006   0.39299   0.38983   0.04003   0.16017   0.02564   0.14860   0.06909   0.07665   0.03433   0.00006   0.00000   0.07478   0.16324   0.09199   0.00363   0.01606   2.14168   3.99671   0.18090   0.02104   0.02573  
 66 615.7526  51143.432597  x:  2.22204   0.12906   0.01189   0.02898   0.35283   0.02042   0.07916   0.07763   0.02789   0.01786   0.05258   0.32475   0.34535   0.08100   0.01720   0.00482   0.87800   0.39985   0.39035   0.04258   0.16032   0.02549   0.15260   0.06905   0.07752   0.03440   0.00006   0.00000   0.07225   0.15857   0.09396   0.00364   0.01598   2.14902   4.01312   0.18085   0.02107   0.02569  
 67 220.7548  51143.172517  x:  2.22787   0.13455   0.01181   0.02920   0.35090   0.02024   0.07652   0.08091   0.02804   0.01771   0.05309   0.32205   0.34451   0.08137   0.01708   0.00483   0.87880   0.40358   0.38753   0.04521   0.16162   0.02536   0.15184   0.06912   0.07709   0.03445   0.00006   0.00000   0.06929   0.15795   0.09404   0.00365   0.01600   2.15485   4.02158   0.18038   0.02107   0.02568  
 68 51.0736  51142.367611  x:  2.24780   0.15742   0.01135   0.02936   0.34215   0.02050   0.08010   0.07707   0.02811   0.01790   0.05292   0.31279   0.33982   0.08315   0.01695   0.00477   0.88311   0.41280   0.37333   0.04700   0.16295   0.02553   0.14785   0.06945   0.07768   0.03433   0.00006   0.00000   0.06793   0.15889   0.09221   0.00369   0.01605   2.17477   4.04688   0.17756   0.02120   0.02559  
 69 136.5894  51141.763528  x:  2.26316   0.17478   0.01101   0.02905   0.33746   0.02076   0.07888   0.07919   0.02825   0.01780   0.05295   0.30913   0.33744   0.08367   0.01665   0.00477   0.88719   0.41632   0.35828   0.04303   0.16042   0.02616   0.15060   0.06894   0.07787   0.03442   0.00007   0.00000   0.07402   0.15563   0.09192   0.00371   0.01619   2.19014   4.06529   0.17486   0.02129   0.02552  
 70 195.4464  51140.021586  x:  2.30603   0.22645   0.01164   0.02906   0.35051   0.02017   0.07881   0.07856   0.02817   0.01782   0.05374   0.33248   0.34955   0.08054   0.01683   0.00461   0.90688   0.40724   0.29963   0.04544   0.16099   0.02589   0.15171   0.06986   0.07796   0.03456   0.00007   0.00000   0.07310   0.15924   0.09337   0.00375   0.01642   2.23300   4.11469   0.17258   0.02087   0.02513  
 71 98.7704  51138.946199  x:  2.30504   0.23694   0.01184   0.02888   0.37587   0.02005   0.07883   0.07881   0.02840   0.01782   0.05374   0.31149   0.34598   0.08226   0.01653   0.00461   0.90300   0.39374   0.29566   0.04555   0.16093   0.02604   0.15129   0.06991   0.07791   0.03465   0.00008   0.00000   0.07299   0.15854   0.09314   0.00383   0.01639   2.23202   4.11987   0.17223   0.02106   0.02503  
 72  7.7840  51100.147205  x:  2.12108   0.24285   0.01783   0.03362   0.32463   0.02400   0.07777   0.07778   0.03514   0.01751   0.05732   0.29985   0.31585   0.10114   0.01032   0.00242   0.75646   0.38491   0.19283   0.03659   0.16325   0.02576   0.15795   0.07052   0.07435   0.03930   0.00035   0.00000   0.06708   0.17078   0.10485   0.00651   0.01422   2.04807   4.15386   0.20153   0.02583   0.02228  
 73 12.0647  51069.814729  x:  2.28854   0.09292   0.01939   0.03465   0.31652   0.02682   0.07613   0.07609   0.03932   0.01740   0.05907   0.29056   0.30505   0.11093   0.00563   0.00123   0.78999   0.36844   0.27083   0.04382   0.16743   0.02694   0.14951   0.07476   0.07443   0.04210   0.00052   0.00000   0.07172   0.16471   0.10167   0.00823   0.01163   2.21555   3.88798   0.16172   0.02701   0.02068  
 74 63.5521  50968.877186  x:  2.54400   0.15750   0.02793   0.04312   0.28706   0.01802   0.05967   0.05800   0.04082   0.01805   0.06170   0.23545   0.25405   0.12385   0.00168   0.00458   0.67289   0.34999   0.13405   0.04489   0.17523   0.02000   0.16329   0.08569   0.06045   0.04579   0.00036   0.00000   0.07711   0.18312   0.12076   0.00727   0.00503   2.47098   3.71797   0.11699   0.03127   0.03110  
 75  2.5750  50949.722136  x:  2.60517   0.15232   0.03024   0.04686   0.27606   0.01854   0.05677   0.05444   0.03668   0.01823   0.06143   0.22318   0.24353   0.12848   0.01019   0.00194   0.62563   0.33825   0.12863   0.04580   0.17717   0.01916   0.16410   0.08804   0.05553   0.04693   0.00035   0.00000   0.07778   0.18436   0.12483   0.00736   0.00205   2.53180   3.65005   0.11555   0.03164   0.03246  
 76  0.6395  50924.255042  x:  2.68895   0.18379   0.03350   0.05313   0.26329   0.01745   0.05526   0.05315   0.03241   0.01804   0.05880   0.20893   0.23591   0.13239   0.01155   0.00280   0.55092   0.31867   0.11593   0.04614   0.17906   0.01851   0.16281   0.08984   0.05307   0.04747   0.00031   0.00000   0.07707   0.18065   0.12989   0.00711   0.00821   2.61561   3.59317   0.12864   0.03079   0.03419  
 77  0.4658  50897.524148  x:  3.03881   0.22703   0.03864   0.06168   0.26491   0.01829   0.05910   0.05840   0.02515   0.01720   0.05290   0.21500   0.24010   0.14416   0.01250   0.00393   0.59455   0.30671   0.12512   0.04348   0.17861   0.01819   0.15321   0.08879   0.05433   0.04575   0.00033   0.00000   0.07244   0.16284   0.13150   0.00748   0.00928   2.96540   3.61657   0.09683   0.02815   0.03330  
 78  0.6628  50880.219900  x:  3.30576   0.27289   0.04355   0.07001   0.26844   0.01691   0.05910   0.05863   0.02100   0.01624   0.04963   0.22377   0.24817   0.15025   0.00906   0.00484   0.63284   0.31267   0.07727   0.03933   0.17486   0.01850   0.15062   0.08597   0.05562   0.04379   0.00036   0.00000   0.06783   0.15379   0.13378   0.00790   0.00566   3.23223   3.69364   0.10168   0.02669   0.03325  
 79  0.6352  50865.145405  x:  3.66108   0.26675   0.04867   0.07583   0.26420   0.01659   0.05765   0.05551   0.01711   0.01680   0.05046   0.21181   0.23097   0.16522   0.00671   0.00428   0.57697   0.32449   0.04796   0.03791   0.17256   0.02027   0.15153   0.08263   0.05296   0.04324   0.00045   0.00000   0.06687   0.15448   0.13178   0.00889   0.00407   3.58736   3.71690   0.08074   0.02666   0.03322  
 80  0.7243  50857.667241  x:  3.86122   0.21860   0.05030   0.07769   0.25955   0.01608   0.05434   0.05202   0.01752   0.01840   0.05483   0.20807   0.22166   0.17151   0.00484   0.00283   0.58865   0.31884   0.09860   0.04229   0.17478   0.02117   0.15328   0.08211   0.04581   0.04463   0.00046   0.00000   0.07204   0.16324   0.12566   0.00914   0.00380   3.78719   3.67623   0.07555   0.02733   0.03375  
 81  0.2755  50855.141425  x:  3.95885   0.20249   0.05035   0.07653   0.26354   0.01666   0.05528   0.05333   0.01527   0.01899   0.05545   0.21504   0.22720   0.17179   0.00574   0.00229   0.60773   0.31922   0.09690   0.04230   0.17484   0.02021   0.15525   0.08256   0.04692   0.04486   0.00046   0.00000   0.07296   0.16681   0.12401   0.00915   0.00553   3.88473   3.67071   0.07393   0.02757   0.03414  
 82  0.2035  50852.944427  x:  4.09377   0.18720   0.04977   0.07438   0.26484   0.01700   0.05689   0.05515   0.01380   0.01891   0.05399   0.21370   0.22879   0.17257   0.00523   0.00240   0.57870   0.32319   0.12929   0.04042   0.17540   0.01866   0.15564   0.08314   0.04861   0.04472   0.00045   0.00000   0.07178   0.16544   0.12326   0.00904   0.00563   4.01971   3.68424   0.07283   0.02823   0.03371  
 83  0.2190  50850.034322  x:  4.39230   0.20055   0.04891   0.07044   0.26150   0.01585   0.05818   0.05588   0.01402   0.01822   0.05262   0.20532   0.22450   0.17647   0.00489   0.00239   0.59438   0.32137   0.12276   0.03981   0.17455   0.01894   0.15579   0.08420   0.04698   0.04504   0.00045   0.00000   0.07006   0.16357   0.12467   0.00896   0.00597   4.31828   3.70478   0.06414   0.02872   0.03289  
 84  0.3196  50847.222471  x:  4.61840   0.22277   0.04651   0.06317   0.26183   0.01467   0.05730   0.05464   0.01669   0.01764   0.05229   0.20790   0.22246   0.17646   0.00500   0.00243   0.60368   0.31638   0.09917   0.04028   0.17357   0.02037   0.15653   0.08559   0.04621   0.04585   0.00044   0.00000   0.06916   0.16394   0.12753   0.00872   0.00611   4.54444   3.72075   0.06331   0.02925   0.03185  
 85  0.3798  50845.358663  x:  4.89273   0.21719   0.04581   0.05944   0.26444   0.01526   0.05420   0.05250   0.01638   0.01804   0.05271   0.21596   0.22204   0.17991   0.00535   0.00258   0.59062   0.31671   0.10135   0.04031   0.17399   0.02047   0.15602   0.08580   0.04849   0.04594   0.00043   0.00000   0.07035   0.16417   0.12854   0.00865   0.00603   4.81872   3.70447   0.05712   0.02934   0.03149  
 86  0.4555  50843.276122  x:  5.20941   0.19424   0.04589   0.05893   0.26219   0.01741   0.05589   0.05492   0.01602   0.01865   0.05395   0.20334   0.21762   0.18607   0.00616   0.00281   0.58195   0.32605   0.11081   0.03971   0.17534   0.01890   0.15546   0.08451   0.04809   0.04524   0.00042   0.00000   0.07213   0.16523   0.12873   0.00855   0.00570   5.13533   3.67534   0.05308   0.02904   0.03188  
 87  0.3357  50841.853097  x:  5.47064   0.20414   0.04692   0.06178   0.26543   0.01739   0.05701   0.05375   0.01645   0.01842   0.05497   0.21271   0.22155   0.19006   0.00656   0.00194   0.58733   0.32175   0.11080   0.04095   0.17618   0.01905   0.15574   0.08351   0.04971   0.04459   0.00039   0.00000   0.07187   0.16557   0.12802   0.00825   0.00523   5.39638   3.71710   0.05137   0.02833   0.03289  
 88  0.2824  50841.295018  x:  5.71741   0.20464   0.04730   0.06258   0.26358   0.01633   0.05670   0.05467   0.01656   0.01823   0.05471   0.21245   0.21846   0.19398   0.00633   0.00236   0.59258   0.31872   0.11261   0.04113   0.17576   0.01964   0.15602   0.08374   0.04933   0.04482   0.00038   0.00000   0.07136   0.16562   0.12787   0.00808   0.00522   5.64311   3.72850   0.04794   0.02829   0.03298  
 89  0.4458  50840.952190  x:  5.82240   0.20427   0.04768   0.06442   0.26092   0.01584   0.05586   0.05496   0.01677   0.01814   0.05399   0.20843   0.21558   0.19570   0.00603   0.00279   0.59437   0.31897   0.11239   0.04080   0.17498   0.02013   0.15610   0.08418   0.04950   0.04527   0.00037   0.00000   0.07108   0.16568   0.12754   0.00800   0.00540   5.74813   3.72611   0.04770   0.02840   0.03299  
 90  0.1792  50840.715250  x:  6.00347   0.20604   0.04796   0.06574   0.26153   0.01627   0.05666   0.05476   0.01744   0.01805   0.05349   0.20769   0.21557   0.19775   0.00585   0.00258   0.58795   0.32037   0.10809   0.04029   0.17455   0.02001   0.15608   0.08436   0.04904   0.04560   0.00037   0.00000   0.07101   0.16571   0.12723   0.00801   0.00563   5.92919   3.72257   0.04577   0.02862   0.03297  
 91  0.2984  50840.607731  x:  6.13038   0.20525   0.04814   0.06704   0.26185   0.01647   0.05657   0.05432   0.01713   0.01823   0.05420   0.20981   0.21636   0.19828   0.00607   0.00259   0.58811   0.32021   0.10999   0.04063   0.17494   0.01949   0.15561   0.08418   0.04939   0.04541   0.00037   0.00000   0.07114   0.16549   0.12713   0.00801   0.00576   6.05607   3.72494   0.04482   0.02867   0.03280  
 92  0.1122  50840.583596  x:  6.17960   0.20468   0.04813   0.06737   0.26168   0.01649   0.05614   0.05477   0.01704   0.01815   0.05411   0.20894   0.21576   0.19829   0.00610   0.00245   0.58826   0.31941   0.11037   0.04054   0.17496   0.01971   0.15581   0.08400   0.04939   0.04522   0.00037   0.00000   0.07125   0.16538   0.12719   0.00805   0.00572   6.10529   3.72708   0.04447   0.02870   0.03271  
 93  0.0531  50840.571564  x:  6.20670   0.20318   0.04799   0.06737   0.26129   0.01629   0.05653   0.05448   0.01697   0.01814   0.05398   0.20884   0.21580   0.19795   0.00610   0.00248   0.58840   0.31971   0.11166   0.04056   0.17500   0.01982   0.15593   0.08397   0.04917   0.04516   0.00037   0.00000   0.07129   0.16535   0.12729   0.00807   0.00567   6.13239   3.72736   0.04428   0.02871   0.03265  
 94  0.0375  50840.564711  x:  6.22718   0.20269   0.04769   0.06701   0.26177   0.01628   0.05635   0.05450   0.01699   0.01817   0.05393   0.20892   0.21606   0.19744   0.00611   0.00247   0.58856   0.32031   0.11234   0.04065   0.17502   0.01963   0.15582   0.08410   0.04918   0.04522   0.00037   0.00000   0.07121   0.16540   0.12740   0.00810   0.00562   6.15288   3.72576   0.04407   0.02869   0.03267  
 95  0.0161  50840.561638  x:  6.22189   0.20279   0.04755   0.06684   0.26177   0.01633   0.05641   0.05455   0.01699   0.01819   0.05397   0.20918   0.21606   0.19704   0.00610   0.00247   0.58826   0.31977   0.11215   0.04055   0.17497   0.01963   0.15578   0.08415   0.04918   0.04525   0.00037   0.00000   0.07122   0.16543   0.12738   0.00815   0.00560   6.14755   3.72477   0.04416   0.02869   0.03270  
 96  0.0059  50840.559453  x:  6.22916   0.20353   0.04748   0.06682   0.26157   0.01635   0.05645   0.05447   0.01698   0.01819   0.05402   0.20888   0.21601   0.19704   0.00609   0.00247   0.58867   0.31989   0.11154   0.04055   0.17494   0.01972   0.15581   0.08415   0.04927   0.04526   0.00037   0.00000   0.07124   0.16544   0.12732   0.00820   0.00562   6.15482   3.72683   0.04409   0.02868   0.03274  
 97  0.0089  50840.558039  x:  6.23200   0.20407   0.04748   0.06692   0.26177   0.01630   0.05643   0.05459   0.01699   0.01817   0.05403   0.20904   0.21617   0.19708   0.00607   0.00250   0.58860   0.32009   0.11105   0.04061   0.17496   0.01974   0.15587   0.08411   0.04919   0.04525   0.00037   0.00000   0.07123   0.16546   0.12729   0.00824   0.00562   6.15762   3.72808   0.04407   0.02867   0.03276  
 98  0.0036  50840.556395  x:  6.23119   0.20435   0.04753   0.06705   0.26179   0.01631   0.05642   0.05450   0.01699   0.01816   0.05396   0.20892   0.21597   0.19724   0.00607   0.00251   0.58867   0.31997   0.11084   0.04059   0.17499   0.01963   0.15590   0.08405   0.04924   0.04518   0.00037   0.00000   0.07123   0.16546   0.12733   0.00829   0.00560   6.15681   3.72637   0.04407   0.02868   0.03276  
 99  0.0010  50840.554968  x:  6.22304   0.20385   0.04755   0.06702   0.26137   0.01632   0.05638   0.05451   0.01702   0.01817   0.05397   0.20907   0.21612   0.19728   0.00610   0.00248   0.58839   0.32015   0.11140   0.04056   0.17497   0.01968   0.15585   0.08407   0.04924   0.04518   0.00037   0.00000   0.07124   0.16547   0.12739   0.00834   0.00558   6.14867   3.72648   0.04414   0.02869   0.03274  
100  0.0052  50840.553489  x:  6.22003   0.20311   0.04759   0.06697   0.26197   0.01629   0.05643   0.05453   0.01702   0.01819   0.05400   0.20897   0.21596   0.19738   0.00612   0.00247   0.58848   0.31986   0.11208   0.04057   0.17493   0.01973   0.15584   0.08412   0.04923   0.04521   0.00036   0.00000   0.07122   0.16551   0.12742   0.00837   0.00556   6.14565   3.72758   0.04416   0.02869   0.03272  
101  0.0027  50840.548347  x:  6.22543   0.20231   0.04777   0.06698   0.26144   0.01627   0.05649   0.05462   0.01701   0.01815   0.05401   0.20916   0.21601   0.19749   0.00610   0.00249   0.58943   0.32002   0.11254   0.04060   0.17492   0.01960   0.15605   0.08421   0.04923   0.04535   0.00034   0.00000   0.07113   0.16572   0.12742   0.00837   0.00555   6.15098   3.72840   0.04410   0.02868   0.03271  
102  0.0015  50840.542756  x:  6.22344   0.20315   0.04787   0.06694   0.26181   0.01632   0.05644   0.05453   0.01701   0.01814   0.05399   0.20881   0.21613   0.19732   0.00609   0.00248   0.58876   0.32029   0.11210   0.04061   0.17497   0.01968   0.15602   0.08418   0.04926   0.04534   0.00032   0.00000   0.07122   0.16566   0.12746   0.00836   0.00557   6.14898   3.72645   0.04415   0.02867   0.03270  
103  0.0019  50840.541025  x:  6.22699   0.20354   0.04785   0.06693   0.26161   0.01633   0.05644   0.05454   0.01701   0.01817   0.05400   0.20906   0.21598   0.19729   0.00608   0.00249   0.58815   0.31985   0.11162   0.04056   0.17497   0.01971   0.15588   0.08410   0.04925   0.04524   0.00031   0.00000   0.07125   0.16554   0.12745   0.00836   0.00557   6.15258   3.72622   0.04410   0.02868   0.03271  
104  0.0044  50840.540573  x:  6.22008   0.20366   0.04776   0.06688   0.26169   0.01632   0.05643   0.05453   0.01701   0.01818   0.05400   0.20898   0.21607   0.19721   0.00608   0.00249   0.58853   0.31994   0.11136   0.04060   0.17498   0.01969   0.15582   0.08409   0.04924   0.04521   0.00031   0.00000   0.07121   0.16546   0.12739   0.00836   0.00557   6.14574   3.72667   0.04416   0.02868   0.03272  
105  0.0069  50840.540459  x:  6.22001   0.20354   0.04770   0.06690   0.26169   0.01632   0.05642   0.05453   0.01700   0.01817   0.05398   0.20901   0.21604   0.19725   0.00609   0.00248   0.58857   0.31999   0.11151   0.04058   0.17498   0.01969   0.15584   0.08410   0.04922   0.04522   0.00031   0.00000   0.07123   0.16544   0.12734   0.00836   0.00557   6.14572   3.72717   0.04416   0.02868   0.03272  
106  0.0004  50840.540413  x:  6.22059   0.20351   0.04766   0.06693   0.26167   0.01632   0.05642   0.05453   0.01700   0.01817   0.05399   0.20900   0.21604   0.19728   0.00609   0.00248   0.58849   0.31997   0.11155   0.04058   0.17498   0.01969   0.15584   0.08410   0.04922   0.04523   0.00031   0.00000   0.07122   0.16544   0.12732   0.00836   0.00557   6.14632   3.72649   0.04415   0.02868   0.03272  
107  0.0010  50840.540383  x:  6.22049   0.20357   0.04762   0.06696   0.26168   0.01632   0.05642   0.05453   0.01700   0.01817   0.05399   0.20899   0.21603   0.19729   0.00609   0.00248   0.58848   0.31996   0.11148   0.04058   0.17498   0.01969   0.15584   0.08410   0.04923   0.04523   0.00031   0.00000   0.07121   0.16546   0.12733   0.00836   0.00557   6.14621   3.72645   0.04416   0.02868   0.03272  
108  0.0001  50840.540375  x:  6.22060   0.20358   0.04760   0.06697   0.26168   0.01632   0.05642   0.05453   0.01700   0.01817   0.05399   0.20899   0.21604   0.19730   0.00609   0.00248   0.58852   0.31997   0.11147   0.04058   0.17497   0.01969   0.15584   0.08410   0.04923   0.04523   0.00031   0.00000   0.07122   0.16546   0.12735   0.00836   0.00557   6.14632   3.72675   0.04416   0.02868   0.03272  
109  0.0003  50840.540372  x:  6.22051   0.20357   0.04760   0.06697   0.26168   0.01632   0.05642   0.05453   0.01700   0.01817   0.05399   0.20899   0.21603   0.19730   0.00609   0.00248   0.58853   0.31997   0.11149   0.04058   0.17498   0.01969   0.15584   0.08410   0.04923   0.04523   0.00031   0.00000   0.07122   0.16546   0.12735   0.00836   0.00557   6.14625   3.72662   0.04415   0.02868   0.03272  
110  0.0002  50840.540372  x:  6.22051   0.20357   0.04760   0.06697   0.26168   0.01632   0.05642   0.05453   0.01700   0.01817   0.05399   0.20899   0.21603   0.19730   0.00609   0.00248   0.58853   0.31997   0.11149   0.04058   0.17498   0.01969   0.15584   0.08410   0.04923   0.04523   0.00031   0.00000   0.07122   0.16546   0.12735   0.00836   0.00557   6.14625   3.72662   0.04415   0.02868   0.03272  
111  0.0028  50840.540372  x:  6.22051   0.20357   0.04760   0.06697   0.26168   0.01632   0.05642   0.05453   0.01700   0.01817   0.05399   0.20899   0.21603   0.19730   0.00609   0.00248   0.58853   0.31997   0.11149   0.04058   0.17498   0.01969   0.15584   0.08410   0.04923   0.04523   0.00031   0.00000   0.07122   0.16546   0.12735   0.00836   0.00557   6.14625   3.72662   0.04415   0.02868   0.03272  