

TREE # 1

  0  0.0000  61628.579908  x:  0.78274   0.00068   0.04467   0.00000   0.13614   0.03139   0.05388   0.04134   0.03640   0.02028   0.05835   0.07274   0.10885   0.13289   0.01029   0.02698   0.24369   0.19180   0.14901   0.03614   0.14336   0.01390   0.09376   0.07207   0.03566   0.06270   0.01611   0.01361   0.06098   0.11110   0.09319   0.01167   0.02891   0.79004   2.00000   2.00000  
  1 99.0000  61334.655433  x:  0.78527   0.01810   0.04854   0.12459   0.13731   0.02822   0.05268   0.04116   0.03128   0.01819   0.05579   0.07706   0.11047   0.13442   0.00510   0.01979   0.24503   0.19240   0.15026   0.03695   0.14348   0.01817   0.09653   0.07269   0.03771   0.06082   0.00788   0.00520   0.06070   0.11304   0.09432   0.00793   0.02294   0.79258   2.00229   1.99297  
  2 44426.9727  61256.041532  x:  0.78676   0.02148   0.04893   0.12408   0.13721   0.02662   0.05203   0.04111   0.02849   0.01737   0.05429   0.07847   0.11136   0.13527   0.00375   0.01573   0.24520   0.19251   0.15033   0.03739   0.14351   0.01952   0.09800   0.07303   0.03873   0.05973   0.00291   0.00000   0.06041   0.11412   0.09497   0.00684   0.01966   0.79406   2.00370   1.98868  
  3 6947.9348  61228.263855  x:  0.78790   0.02287   0.04913   0.12396   0.13712   0.02589   0.05166   0.04113   0.02695   0.01734   0.05339   0.07934   0.11195   0.13583   0.00639   0.01346   0.24532   0.19254   0.15018   0.03758   0.14349   0.01976   0.09890   0.07322   0.03917   0.05901   0.00000   0.00000   0.06018   0.11482   0.09539   0.00775   0.01791   0.79521   2.00481   1.98528  
  4 15612.2220  61127.094163  x:  0.79438   0.03166   0.05032   0.12307   0.13664   0.02140   0.04950   0.04117   0.01782   0.01675   0.04812   0.08441   0.11530   0.13909   0.01845   0.00000   0.24600   0.19277   0.14947   0.03876   0.14343   0.02172   0.10415   0.07431   0.04193   0.05489   0.00008   0.00000   0.05890   0.11885   0.09784   0.01158   0.00746   0.80168   2.01106   1.96613  
  5 25345.0994  61087.656763  x:  0.79808   0.03693   0.05101   0.12253   0.13636   0.01881   0.04826   0.04118   0.01266   0.01627   0.04510   0.08734   0.11723   0.14097   0.02364   0.00105   0.24639   0.19290   0.14910   0.03946   0.14341   0.02303   0.10718   0.07495   0.04355   0.05253   0.00011   0.00000   0.05817   0.12117   0.09924   0.01298   0.00164   0.80539   2.01463   1.95517  
  6 21549.5409  61006.800652  x:  0.80823   0.04967   0.05266   0.12121   0.13561   0.01364   0.04535   0.04130   0.00340   0.01564   0.03789   0.09477   0.12209   0.14584   0.03139   0.00214   0.24742   0.19319   0.14777   0.04106   0.14330   0.02586   0.11481   0.07647   0.04731   0.04668   0.00016   0.00000   0.05626   0.12713   0.10283   0.01512   0.00903   0.81553   2.02449   1.92484  
  7 14527.0274  60793.808819  x:  0.84226   0.08836   0.05754   0.11721   0.13311   0.00351   0.03720   0.04203   0.02122   0.01650   0.01748   0.11801   0.13737   0.16133   0.04991   0.00410   0.25079   0.19389   0.14242   0.04569   0.14282   0.03315   0.13861   0.08097   0.05807   0.02907   0.00027   0.00000   0.05015   0.14596   0.11401   0.01765   0.01924   0.84956   2.05771   1.82213  
  8 26232.6660  60535.779219  x:  0.89661   0.14390   0.06401   0.11153   0.12923   0.03853   0.02865   0.04354   0.03495   0.01775   0.00579   0.15174   0.15954   0.18415   0.07229   0.00611   0.25594   0.19451   0.13223   0.05166   0.14183   0.04091   0.17303   0.08688   0.07199   0.00919   0.00040   0.00000   0.04129   0.17353   0.13005   0.01686   0.02938   0.90392   2.11118   1.65561  
  9 44447.3616  58442.653594  x:  1.19874   0.42668   0.09327   0.08250   0.10944   0.10638   0.01070   0.05046   0.09510   0.02039   0.12519   0.32253   0.27062   0.30033   0.18384   0.01528   0.28315   0.19531   0.06769   0.07863   0.13555   0.06673   0.34687   0.11403   0.13684   0.06422   0.00100   0.00000   0.00000   0.31356   0.20913   0.00379   0.07637   1.20605   2.41105   0.71243  
 10 55704.4544  58442.653594  x:  1.19874   0.42668   0.09327   0.08250   0.10944   0.10638   0.01070   0.05046   0.09510   0.02039   0.12519   0.32253   0.27062   0.30033   0.18384   0.01528   0.28315   0.19531   0.06769   0.07863   0.13555   0.06673   0.34687   0.11403   0.13684   0.06422   0.00100   0.00000   0.00000   0.31356   0.20913   0.00379   0.07637   1.20605   2.41105   0.71243  
 11 723552.4092  58365.810254  x:  1.19886   0.42606   0.09289   0.08207   0.10948   0.10531   0.01407   0.05057   0.09387   0.01997   0.12427   0.32181   0.26996   0.29970   0.18243   0.01393   0.28306   0.19517   0.06723   0.07847   0.13557   0.06603   0.34608   0.11352   0.13596   0.06370   0.00000   0.00000   0.00319   0.31292   0.20863   0.00377   0.07510   1.20617   2.41136   0.70954  
 12 13215.2297  57813.206691  x:  1.20015   0.41957   0.08901   0.07755   0.10985   0.09424   0.04884   0.05166   0.08112   0.01553   0.11471   0.31439   0.26310   0.29326   0.16790   0.00000   0.28213   0.19368   0.06247   0.07682   0.13583   0.05880   0.33792   0.10819   0.12681   0.05835   0.00061   0.00000   0.03598   0.30634   0.20345   0.00355   0.06201   1.20746   2.41449   0.67969  
 13 529384.2288  55886.305776  x:  1.20644   0.38680   0.07132   0.05727   0.11234   0.03961   0.04769   0.04024   0.02085   0.00783   0.06916   0.27872   0.23040   0.26283   0.09708   0.00000   0.27835   0.18721   0.03760   0.05562   0.13609   0.02608   0.29858   0.08427   0.08384   0.03669   0.00060   0.00000   0.03826   0.27188   0.17428   0.00508   0.00000   1.21375   2.42947   0.52989  
 14 17753.1568  55402.489770  x:  1.20850   0.37607   0.06556   0.05067   0.11319   0.02182   0.04750   0.03662   0.00135   0.00581   0.05432   0.26705   0.21970   0.25288   0.07385   0.00000   0.27713   0.18512   0.02947   0.04874   0.13621   0.01550   0.28570   0.07651   0.06984   0.02977   0.00060   0.00000   0.03918   0.26061   0.16476   0.00649   0.00058   1.21581   2.43437   0.48057  
 15 114956.8042  54787.489881  x:  1.21124   0.36211   0.05837   0.04249   0.11453   0.00000   0.04771   0.03274   0.00341   0.00936   0.03587   0.25185   0.20586   0.23998   0.04336   0.00000   0.27567   0.18261   0.01900   0.04030   0.13654   0.00324   0.26891   0.06705   0.05219   0.02241   0.00061   0.00000   0.04085   0.24596   0.15250   0.00967   0.00066   1.21855   2.44078   0.41449  
 16 93753.4634  54563.308945  x:  1.21220   0.35730   0.05598   0.03979   0.11509   0.00108   0.04778   0.03168   0.00347   0.01051   0.03016   0.24661   0.20110   0.23555   0.03281   0.00000   0.27520   0.18180   0.01541   0.03753   0.13672   0.00000   0.26313   0.06400   0.04633   0.02043   0.00061   0.00000   0.04141   0.24091   0.14831   0.01059   0.00062   1.21951   2.44300   0.39118  
 17 105604.9418  53932.981824  x:  1.21520   0.34283   0.04933   0.03245   0.11720   0.00143   0.04786   0.02993   0.00246   0.01278   0.01694   0.23087   0.18692   0.22232   0.00121   0.00000   0.27402   0.17971   0.00485   0.03060   0.13777   0.00528   0.24579   0.05652   0.03055   0.01858   0.00063   0.00000   0.04337   0.22575   0.13599   0.01206   0.00040   1.22250   2.44974   0.31764  
 18 233793.5488  53924.449640  x:  1.21527   0.34249   0.04917   0.03228   0.11725   0.00144   0.04787   0.02989   0.00243   0.01283   0.01663   0.23050   0.18659   0.22201   0.00052   0.00021   0.27399   0.17966   0.00460   0.03043   0.13780   0.00539   0.24538   0.05635   0.03018   0.01853   0.00063   0.00000   0.04341   0.22539   0.13570   0.01210   0.00039   1.22257   2.44990   0.31589  
 19 810474.8078  53661.550369  x:  1.21660   0.33615   0.04630   0.02914   0.11819   0.00148   0.04789   0.02923   0.00206   0.01325   0.01189   0.22358   0.18038   0.21619   0.00115   0.00038   0.27350   0.17877   0.00000   0.02744   0.13823   0.00632   0.23775   0.05310   0.02373   0.01798   0.00063   0.00000   0.04428   0.21873   0.13031   0.01252   0.00030   1.22391   2.45286   0.28327  
 20 61722.3763  52749.849696  x:  1.22238   0.31009   0.03521   0.01742   0.12231   0.00030   0.04753   0.02799   0.00148   0.00732   0.01316   0.19507   0.15496   0.19228   0.00038   0.00012   0.27180   0.17550   0.00000   0.01615   0.13980   0.00000   0.20605   0.04057   0.00597   0.01925   0.00065   0.00000   0.04770   0.19121   0.10848   0.01124   0.00009   1.22968   2.46519   0.14445  
 21 249163.9932  52749.849696  x:  1.22238   0.31009   0.03521   0.01742   0.12231   0.00030   0.04753   0.02799   0.00148   0.00732   0.01316   0.19507   0.15496   0.19228   0.00038   0.00012   0.27180   0.17550   0.00000   0.01615   0.13980   0.00000   0.20605   0.04057   0.00597   0.01925   0.00065   0.00000   0.04770   0.19121   0.10848   0.01124   0.00009   1.22968   2.46519   0.14445  
 22 43172.0822  52437.881403  x:  1.22259   0.30992   0.03564   0.01821   0.12272   0.01507   0.04781   0.02903   0.01144   0.00945   0.01675   0.19491   0.15493   0.19221   0.02028   0.02598   0.27203   0.17579   0.00000   0.01724   0.14005   0.00555   0.20581   0.04172   0.01315   0.02146   0.00000   0.00000   0.04817   0.19103   0.10861   0.01146   0.01607   1.22990   2.46534   0.14183  
 23 95156.6994  52433.661602  x:  1.22260   0.30991   0.03566   0.01824   0.12274   0.01564   0.04782   0.02908   0.01183   0.00954   0.01690   0.19490   0.15492   0.19220   0.02103   0.02697   0.27204   0.17580   0.00000   0.01728   0.14006   0.00577   0.20580   0.04177   0.01344   0.02155   0.00065   0.00000   0.04819   0.19102   0.10861   0.01147   0.01668   1.22991   2.46534   0.14171  
 24 584951.3985  51978.266751  x:  1.22632   0.30706   0.04273   0.03075   0.12911   0.03033   0.05021   0.04145   0.02229   0.02674   0.04472   0.19197   0.15437   0.19092   0.00881   0.01462   0.27608   0.18063   0.00000   0.03191   0.14336   0.03187   0.20124   0.05756   0.06411   0.04954   0.00057   0.00000   0.05509   0.18783   0.11002   0.00365   0.00764   1.23363   2.46778   0.09809  
 25 12542.2135  51953.264179  x:  1.23013   0.30524   0.04699   0.03655   0.13358   0.03292   0.05137   0.04455   0.02176   0.02283   0.04755   0.19015   0.15453   0.19044   0.00638   0.01093   0.27976   0.18446   0.00000   0.03587   0.14499   0.03384   0.19761   0.06242   0.06538   0.05029   0.00056   0.00000   0.05748   0.18553   0.11084   0.01823   0.01296   1.23744   2.46956   0.09631  
 26 3773.7593  51891.372794  x:  1.24535   0.29830   0.06078   0.05406   0.14932   0.04052   0.05448   0.05225   0.01998   0.00811   0.05184   0.18321   0.15536   0.18884   0.00963   0.00602   0.29371   0.19838   0.00000   0.04638   0.15049   0.03578   0.18371   0.07649   0.06126   0.04757   0.00056   0.00000   0.06414   0.17692   0.11357   0.01327   0.01214   1.25265   2.47648   0.10287  
 27 3246.5078  51832.112787  x:  1.27298   0.28542   0.07885   0.07560   0.17315   0.04600   0.05654   0.05859   0.02011   0.02548   0.04956   0.17061   0.15669   0.18600   0.01249   0.00331   0.31688   0.22019   0.00000   0.05671   0.15822   0.03056   0.15944   0.09323   0.04369   0.03786   0.00057   0.00000   0.07094   0.16213   0.11722   0.00872   0.01287   1.28028   2.48928   0.09793  
 28 5191.4695  51797.474589  x:  1.29749   0.27415   0.08251   0.07889   0.18522   0.04189   0.05323   0.05362   0.01866   0.02035   0.04188   0.16048   0.15779   0.18412   0.00759   0.01355   0.33251   0.23244   0.00000   0.05442   0.16133   0.02276   0.14293   0.09608   0.04226   0.04241   0.00058   0.00000   0.06911   0.15242   0.11841   0.00819   0.01023   1.30479   2.50098   0.08624  
 29 2857.4608  51758.302970  x:  1.32688   0.26126   0.08293   0.07819   0.19655   0.03807   0.04938   0.04741   0.02142   0.02314   0.03653   0.14941   0.15931   0.18237   0.00092   0.01995   0.34929   0.24453   0.00000   0.04995   0.16417   0.01802   0.12681   0.09690   0.04962   0.05126   0.00058   0.00000   0.06566   0.14301   0.11945   0.00909   0.00951   1.33419   2.51495   0.09348  
 30 6099.1078  51736.678600  x:  1.35680   0.24850   0.08063   0.07434   0.20578   0.03127   0.04655   0.04205   0.02115   0.02487   0.03348   0.13893   0.16087   0.18094   0.01023   0.01742   0.36477   0.25489   0.00000   0.04467   0.16639   0.01562   0.11395   0.09590   0.05689   0.05859   0.00058   0.00000   0.06179   0.13537   0.12025   0.01220   0.00668   1.36410   2.52934   0.09649  
 31 8710.6986  51660.277974  x:  1.44434   0.21448   0.06208   0.04889   0.22180   0.02904   0.04949   0.03942   0.02164   0.02076   0.04121   0.11455   0.16516   0.17820   0.01099   0.00276   0.40190   0.27580   0.00000   0.02956   0.16996   0.02734   0.10028   0.08446   0.05928   0.05449   0.00057   0.00000   0.05266   0.12551   0.12209   0.00428   0.02780   1.45165   2.57224   0.09178  
 32 4615.0153  51580.490242  x:  1.55084   0.18140   0.03886   0.02002   0.23386   0.02982   0.05653   0.05088   0.01857   0.02119   0.05470   0.09777   0.16997   0.17696   0.00898   0.01281   0.44013   0.29427   0.00000   0.03191   0.17115   0.04137   0.10981   0.07466   0.05777   0.04237   0.00057   0.00000   0.05641   0.12726   0.12483   0.01219   0.01051   1.55815   2.62529   0.09163  
 33 5883.0063  51418.713017  x:  1.82754   0.14839   0.01830   0.03827   0.23367   0.03106   0.04393   0.03657   0.04557   0.01830   0.03968   0.12422   0.18141   0.18277   0.01068   0.00236   0.50954   0.31239   0.00000   0.05070   0.15535   0.02993   0.18766   0.05791   0.06065   0.04874   0.00056   0.00000   0.07584   0.16903   0.12419   0.01065   0.01289   1.83485   2.76740   0.08142  
 34 4239.7015  51254.697433  x:  2.04414   0.16160   0.03850   0.05193   0.21552   0.02653   0.05495   0.04984   0.01218   0.02592   0.04355   0.15586   0.18550   0.18814   0.01076   0.00952   0.54385   0.30910   0.07822   0.03551   0.14280   0.02286   0.22606   0.05851   0.06748   0.06084   0.00057   0.00000   0.06499   0.19321   0.11443   0.00654   0.02261   2.05145   2.88191   0.07890  
 35 7290.8634  51193.962727  x:  2.12999   0.17610   0.04922   0.04819   0.19373   0.03393   0.05494   0.04698   0.04191   0.02054   0.04732   0.17157   0.18097   0.18949   0.01032   0.00504   0.53580   0.28952   0.11591   0.02393   0.14616   0.02799   0.21429   0.07515   0.05939   0.05262   0.00056   0.00000   0.05323   0.18991   0.10888   0.01237   0.00818   2.13730   2.93112   0.07502  
 36 3904.4065  51124.085949  x:  2.24159   0.18453   0.04614   0.03937   0.15680   0.04027   0.03976   0.03323   0.03515   0.02023   0.04378   0.19199   0.16944   0.19047   0.00994   0.00311   0.50010   0.24541   0.13543   0.05464   0.15948   0.03511   0.17753   0.09129   0.05788   0.04400   0.00056   0.00000   0.06755   0.17672   0.11267   0.01182   0.00949   2.24889   2.99995   0.07392  
 37 3324.3821  51074.773298  x:  2.35566   0.17844   0.03887   0.05189   0.13358   0.04087   0.05630   0.05678   0.03815   0.01993   0.03845   0.21183   0.15989   0.19239   0.01023   0.00258   0.45714   0.20401   0.12064   0.06120   0.16481   0.02372   0.15062   0.09006   0.05797   0.04755   0.00056   0.00000   0.07215   0.16779   0.11666   0.01104   0.01046   2.36296   3.07213   0.07244  
 38 4041.5336  51034.044391  x:  2.46836   0.17124   0.04755   0.07507   0.13294   0.04198   0.05171   0.04847   0.02850   0.02196   0.06019   0.22782   0.15383   0.19554   0.00909   0.00817   0.40461   0.17616   0.08877   0.04813   0.16534   0.02853   0.14346   0.08640   0.05345   0.04280   0.00056   0.00000   0.06608   0.16426   0.11805   0.01309   0.00512   2.47567   3.14669   0.07225  
 39 3469.7194  51002.157971  x:  2.56325   0.19016   0.07152   0.06086   0.15027   0.03075   0.05118   0.05349   0.02824   0.02261   0.04639   0.22635   0.15258   0.19815   0.00905   0.01046   0.33514   0.18527   0.05673   0.04483   0.16523   0.04115   0.15536   0.10048   0.05521   0.04344   0.00056   0.00000   0.06770   0.16201   0.11811   0.01159   0.00891   2.57055   3.21889   0.07104  
 40 1681.1887  50988.978339  x:  2.60300   0.21201   0.07819   0.05114   0.15781   0.04609   0.05385   0.05074   0.02573   0.02287   0.04711   0.22000   0.15433   0.19867   0.00926   0.00618   0.30388   0.19765   0.04287   0.04644   0.16234   0.03006   0.15615   0.09522   0.05596   0.04635   0.00056   0.00000   0.06898   0.16148   0.11812   0.01246   0.00636   2.61031   3.25389   0.06962  
 41 1649.1456  50980.623745  x:  2.63290   0.24996   0.07203   0.05590   0.15750   0.03600   0.04994   0.05446   0.02979   0.02224   0.05665   0.20840   0.15799   0.19737   0.00924   0.00849   0.29460   0.20885   0.02792   0.05193   0.16174   0.02761   0.15181   0.08636   0.05731   0.04239   0.00056   0.00000   0.06810   0.16384   0.11751   0.01190   0.00821   2.64020   3.28964   0.06902  
 42 651.0963  50971.421857  x:  2.67528   0.29882   0.05929   0.06414   0.15267   0.03721   0.05587   0.05106   0.02598   0.02325   0.05272   0.19515   0.16190   0.19529   0.00895   0.00974   0.29961   0.21505   0.00000   0.05074   0.16290   0.03917   0.15155   0.08629   0.05274   0.04715   0.00056   0.00000   0.06429   0.16720   0.11634   0.01262   0.00630   2.68259   3.34174   0.06841  
 43 1114.2750  50971.421857  x:  2.67528   0.29882   0.05929   0.06414   0.15267   0.03721   0.05587   0.05106   0.02598   0.02325   0.05272   0.19515   0.16190   0.19529   0.00895   0.00974   0.29961   0.21505   0.00000   0.05074   0.16290   0.03917   0.15155   0.08629   0.05274   0.04715   0.00056   0.00000   0.06429   0.16720   0.11634   0.01262   0.00630   2.68259   3.34174   0.06841  
 44 853.0583  50965.957802  x:  2.67533   0.29877   0.05933   0.06413   0.15280   0.03691   0.05583   0.05103   0.02562   0.02298   0.05260   0.19509   0.16193   0.19529   0.00844   0.00908   0.29980   0.21515   0.00008   0.05065   0.16289   0.03895   0.15154   0.08624   0.05266   0.04711   0.00007   0.00000   0.06428   0.16717   0.11636   0.01228   0.00612   2.68264   3.34178   0.06949  
 45 4284.1465  50943.232800  x:  2.67570   0.29843   0.05970   0.06410   0.15382   0.03464   0.05555   0.05080   0.02296   0.02104   0.05175   0.19463   0.16215   0.19530   0.00471   0.00413   0.30122   0.21594   0.00064   0.05001   0.16280   0.03727   0.15140   0.08591   0.05208   0.04680   0.00049   0.00000   0.06415   0.16692   0.11650   0.00980   0.00479   2.68301   3.34200   0.07741  
 46 35945.5029  50933.509902  x:  2.67628   0.29763   0.06019   0.06387   0.15551   0.03073   0.05505   0.05036   0.01893   0.01833   0.05031   0.19362   0.16242   0.19519   0.00475   0.00101   0.30364   0.21722   0.00132   0.04883   0.16259   0.03431   0.15109   0.08529   0.05111   0.04631   0.00046   0.00000   0.06389   0.16639   0.11668   0.00788   0.00570   2.68359   3.34249   0.07563  
 47 2129.4028  50924.272392  x:  2.67720   0.29641   0.06095   0.06353   0.15815   0.02492   0.05434   0.04975   0.01344   0.01476   0.04825   0.19210   0.16285   0.19505   0.00625   0.00247   0.30741   0.21922   0.00244   0.04705   0.16229   0.02985   0.15063   0.08439   0.04968   0.04560   0.00047   0.00000   0.06353   0.16559   0.11698   0.00556   0.00636   2.68450   3.34324   0.07580  
 48 5824.5084  50916.762230  x:  2.67876   0.29430   0.06205   0.06289   0.16244   0.01764   0.05359   0.04917   0.01244   0.01508   0.04613   0.18958   0.16355   0.19482   0.00546   0.00282   0.31361   0.22248   0.00428   0.04454   0.16198   0.02362   0.14998   0.08321   0.04792   0.04493   0.00048   0.00000   0.06322   0.16430   0.11746   0.01042   0.00727   2.68607   3.34451   0.07616  
 49 2188.8014  50910.569946  x:  2.68051   0.29190   0.06304   0.06211   0.16698   0.01320   0.05320   0.04891   0.01508   0.01728   0.04531   0.18682   0.16429   0.19455   0.00535   0.00290   0.32029   0.22594   0.00622   0.04229   0.16185   0.01845   0.14939   0.08227   0.04663   0.04463   0.00047   0.00000   0.06316   0.16297   0.11800   0.00923   0.00429   2.68781   3.34594   0.07530  
 50 2427.2972  50903.091095  x:  2.68437   0.28658   0.06459   0.06027   0.17629   0.01446   0.05337   0.04916   0.01808   0.01934   0.04729   0.18104   0.16582   0.19400   0.00621   0.00271   0.33421   0.23303   0.01034   0.03906   0.16218   0.01304   0.14854   0.08133   0.04551   0.04499   0.00048   0.00000   0.06381   0.16044   0.11923   0.00652   0.00911   2.69167   3.34909   0.07606  
 51 1801.4947  50884.854950  x:  2.69549   0.27101   0.06743   0.05459   0.20095   0.02305   0.05437   0.05013   0.01527   0.01683   0.05377   0.16508   0.16995   0.19244   0.00349   0.00374   0.37234   0.25197   0.02155   0.03358   0.16417   0.01190   0.14702   0.08076   0.04485   0.04690   0.00046   0.00000   0.06716   0.15394   0.12250   0.00899   0.00505   2.70280   3.35823   0.07382  
 52 2920.5930  50879.006334  x:  2.70030   0.26427   0.06756   0.05209   0.20984   0.02276   0.05445   0.05026   0.01533   0.01680   0.05415   0.15901   0.17154   0.19183   0.00812   0.00185   0.38715   0.25896   0.02599   0.03333   0.16525   0.01640   0.14684   0.08130   0.04548   0.04737   0.00048   0.00000   0.06893   0.15192   0.12364   0.01019   0.00395   2.70760   3.36218   0.07475  
 53 3508.2088  50871.031204  x:  2.70745   0.25412   0.06585   0.04839   0.22003   0.01825   0.05419   0.05011   0.01659   0.01765   0.05176   0.15155   0.17348   0.19107   0.00528   0.00307   0.40627   0.26722   0.03184   0.03568   0.16687   0.02644   0.14719   0.08291   0.04756   0.04740   0.00047   0.00000   0.07154   0.15025   0.12477   0.00829   0.00627   2.71476   3.36809   0.07387  
 54 2858.3925  50862.420727  x:  2.72549   0.22873   0.04822   0.04368   0.21960   0.02224   0.05431   0.05019   0.01567   0.01868   0.04438   0.14954   0.17469   0.19032   0.00562   0.00291   0.42737   0.26882   0.04026   0.04782   0.16530   0.02152   0.15035   0.08495   0.05247   0.04097   0.00047   0.00000   0.06912   0.15714   0.12110   0.00860   0.00569   2.73280   3.38320   0.07374  
 55 543.4998  50857.114567  x:  2.74124   0.20946   0.03983   0.04603   0.21528   0.02106   0.05405   0.05017   0.01906   0.01377   0.04622   0.15215   0.17483   0.19014   0.00567   0.00293   0.43881   0.26765   0.04860   0.04886   0.16415   0.02151   0.15192   0.08502   0.04969   0.04711   0.00047   0.00000   0.06430   0.16200   0.11799   0.00895   0.00578   2.74854   3.39640   0.07360  
 56 880.8494  50851.598201  x:  2.76051   0.18781   0.03427   0.05064   0.20920   0.01983   0.05377   0.05024   0.01529   0.01897   0.04998   0.15641   0.17471   0.19009   0.00562   0.00287   0.45012   0.26575   0.05980   0.04785   0.16310   0.02315   0.15318   0.08453   0.04553   0.05222   0.00047   0.00000   0.05939   0.16683   0.11501   0.00848   0.00585   2.76781   3.41255   0.07331  
 57 2271.5030  50837.548345  x:  2.81724   0.13696   0.04531   0.06585   0.19029   0.01892   0.05528   0.05004   0.01691   0.01728   0.05470   0.17073   0.17307   0.19064   0.00549   0.00296   0.46989   0.25954   0.09988   0.04357   0.16209   0.02660   0.15315   0.08171   0.04595   0.03827   0.00046   0.00000   0.06016   0.17347   0.11376   0.00855   0.00596   2.82455   3.46010   0.07204  
 58 1310.8020  50826.949877  x:  2.86788   0.10085   0.05585   0.06984   0.17650   0.01981   0.05517   0.04959   0.01588   0.01808   0.04974   0.18016   0.17136   0.19153   0.00574   0.00280   0.47773   0.25419   0.13868   0.04357   0.16277   0.02307   0.15139   0.08144   0.05804   0.04743   0.00046   0.00000   0.06872   0.17307   0.11689   0.00859   0.00577   2.87518   3.50247   0.07102  
 59 2103.6880  50810.869098  x:  2.94641   0.06133   0.05752   0.05499   0.16742   0.02401   0.05291   0.05059   0.01646   0.01814   0.04162   0.18528   0.16933   0.19368   0.00579   0.00281   0.46988   0.24698   0.19922   0.04457   0.16706   0.02227   0.14860   0.08634   0.04130   0.05006   0.00046   0.00000   0.07825   0.16147   0.12284   0.00862   0.00567   2.95372   3.56786   0.06969  
 60 1627.5138  50794.639586  x:  3.03494   0.02566   0.04827   0.03769   0.17366   0.01843   0.05477   0.05085   0.01603   0.01786   0.05413   0.18361   0.16876   0.19616   0.00589   0.00271   0.44651   0.24145   0.25832   0.03791   0.16972   0.02241   0.14860   0.08881   0.05015   0.04542   0.00046   0.00000   0.07096   0.14880   0.12339   0.00852   0.00592   3.04224   3.64105   0.06861  
 61 2095.0675  50776.506910  x:  3.12505   0.00000   0.04411   0.05348   0.20029   0.02099   0.05512   0.04792   0.01644   0.01793   0.04836   0.17399   0.17099   0.19741   0.00586   0.00274   0.41392   0.24514   0.30101   0.04341   0.16834   0.02344   0.15171   0.08323   0.05063   0.04570   0.00045   0.00000   0.06210   0.15155   0.12098   0.00863   0.00572   3.13236   3.71448   0.06714  
 62 1609.2857  50776.506910  x:  3.12505   0.00000   0.04411   0.05348   0.20029   0.02099   0.05512   0.04792   0.01644   0.01793   0.04836   0.17399   0.17099   0.19741   0.00586   0.00274   0.41392   0.24514   0.30101   0.04341   0.16834   0.02344   0.15171   0.08323   0.05063   0.04570   0.00045   0.00000   0.06210   0.15155   0.12098   0.00863   0.00572   3.13236   3.71448   0.06714  
 63 885.7792  50776.218771  x:  3.12507   0.00003   0.04415   0.05350   0.20031   0.02097   0.05511   0.04794   0.01644   0.01792   0.04837   0.17397   0.17100   0.19741   0.00588   0.00276   0.41393   0.24516   0.30098   0.04340   0.16833   0.02342   0.15171   0.08323   0.05061   0.04570   0.00024   0.00000   0.06213   0.15158   0.12099   0.00862   0.00572   3.13238   3.71449   0.06739  
 64 1377.2915  50775.053406  x:  3.12526   0.00030   0.04452   0.05365   0.20043   0.02079   0.05508   0.04818   0.01647   0.01788   0.04844   0.17386   0.17106   0.19738   0.00602   0.00297   0.41406   0.24541   0.30070   0.04329   0.16828   0.02321   0.15168   0.08322   0.05038   0.04564   0.00037   0.00000   0.06239   0.15180   0.12106   0.00849   0.00573   3.13257   3.71459   0.06951  
 65 2293.9907  50773.255185  x:  3.12703   0.00269   0.04793   0.05490   0.20154   0.01913   0.05465   0.05030   0.01664   0.01746   0.04914   0.17252   0.17157   0.19694   0.00527   0.00178   0.41515   0.24772   0.29758   0.04208   0.16769   0.02123   0.15129   0.08306   0.04822   0.04513   0.00037   0.00000   0.06488   0.15394   0.12167   0.00794   0.00606   3.13434   3.71571   0.06952  
 66 441.3389  50771.101725  x:  3.12960   0.00610   0.05272   0.05663   0.20311   0.01695   0.05406   0.05314   0.01682   0.01700   0.05016   0.17060   0.17229   0.19629   0.00583   0.00306   0.41672   0.25102   0.29305   0.04037   0.16687   0.01859   0.15076   0.08287   0.04536   0.04452   0.00037   0.00000   0.06837   0.15696   0.12250   0.00749   0.00638   3.13690   3.71733   0.06892  
 67 4779.5306  50769.593337  x:  3.13247   0.00953   0.05621   0.05757   0.20456   0.01776   0.05379   0.05364   0.01647   0.01807   0.05128   0.16867   0.17302   0.19567   0.00625   0.00278   0.41828   0.25411   0.28791   0.03902   0.16641   0.01891   0.15046   0.08311   0.04558   0.04529   0.00037   0.00000   0.07102   0.15940   0.12295   0.01038   0.00500   3.13978   3.71915   0.06883  
 68 771.5899  50766.792787  x:  3.13893   0.01668   0.06155   0.05836   0.20734   0.02067   0.05365   0.05212   0.01579   0.01918   0.05272   0.16475   0.17451   0.19445   0.00561   0.00322   0.42152   0.26017   0.27634   0.03667   0.16586   0.02194   0.15010   0.08390   0.04859   0.04745   0.00037   0.00000   0.07506   0.16359   0.12337   0.00795   0.00506   3.14624   3.72326   0.06854  
 69 1167.6636  50765.952609  x:  3.14145   0.01926   0.06265   0.05819   0.20819   0.02090   0.05372   0.05117   0.01600   0.01866   0.05253   0.16344   0.17503   0.19404   0.00587   0.00310   0.42266   0.26213   0.27187   0.03603   0.16573   0.02285   0.15003   0.08410   0.04951   0.04770   0.00037   0.00000   0.07584   0.16463   0.12330   0.00834   0.00698   3.14875   3.72486   0.06852  
 70 1452.7316  50763.109594  x:  3.15049   0.02789   0.06354   0.05609   0.21052   0.01885   0.05434   0.04737   0.01776   0.01514   0.04969   0.15951   0.17663   0.19287   0.00711   0.00244   0.42634   0.26786   0.25600   0.03477   0.16552   0.02457   0.14994   0.08435   0.05123   0.04652   0.00037   0.00000   0.07613   0.16644   0.12228   0.00844   0.00576   3.15780   3.73064   0.06839  
 71 1381.3674  50759.846552  x:  3.16187   0.03829   0.06218   0.05264   0.21281   0.01713   0.05533   0.04499   0.01790   0.01716   0.04668   0.15559   0.17832   0.19174   0.00422   0.00394   0.43054   0.27373   0.23647   0.03446   0.16542   0.02452   0.14993   0.08414   0.05125   0.04410   0.00037   0.00000   0.07461   0.16702   0.12063   0.00913   0.00564   3.16918   3.73792   0.06842  
 72 1931.7902  50755.692968  x:  3.17853   0.05332   0.05860   0.04758   0.21564   0.01781   0.05666   0.04485   0.01580   0.02082   0.04477   0.15099   0.18048   0.19039   0.00711   0.00238   0.43629   0.28110   0.20863   0.03537   0.16545   0.02296   0.15000   0.08354   0.04996   0.04141   0.00037   0.00000   0.07136   0.16659   0.11826   0.00807   0.00602   3.18583   3.74857   0.06824  
 73 3343.2911  50750.384737  x:  3.20043   0.07327   0.05235   0.04249   0.21852   0.02257   0.05729   0.04931   0.01488   0.01683   0.04710   0.14747   0.18257   0.18930   0.00575   0.00311   0.44309   0.28859   0.17409   0.03894   0.16592   0.02039   0.15029   0.08280   0.04812   0.04248   0.00037   0.00000   0.06675   0.16430   0.11594   0.00862   0.00586   3.20774   3.76258   0.06808  
 74 2660.2217  50747.928799  x:  3.21254   0.08512   0.04907   0.04271   0.21934   0.02157   0.05580   0.05159   0.01951   0.01818   0.04865   0.14819   0.18295   0.18936   0.00611   0.00292   0.44611   0.29064   0.15790   0.04216   0.16657   0.02048   0.15066   0.08283   0.04802   0.04573   0.00037   0.00000   0.06510   0.16213   0.11602   0.00835   0.00593   3.21984   3.77032   0.06785  
 75 1595.2445  50743.899021  x:  3.23276   0.10618   0.04488   0.04722   0.21959   0.01607   0.05208   0.05237   0.01574   0.01822   0.05026   0.15293   0.18246   0.19034   0.00618   0.00286   0.45000   0.29103   0.13552   0.04736   0.16790   0.02227   0.15149   0.08334   0.04847   0.04997   0.00037   0.00000   0.06370   0.15783   0.11794   0.00844   0.00592   3.24007   3.78323   0.06749  
 76 1643.6256  50737.306455  x:  3.27144   0.14814   0.04173   0.05942   0.21752   0.01961   0.05295   0.04690   0.01690   0.01792   0.05298   0.16690   0.17923   0.19361   0.00614   0.00287   0.45457   0.28535   0.10341   0.04973   0.16930   0.02161   0.15269   0.08368   0.04657   0.04281   0.00036   0.00000   0.06239   0.15059   0.12347   0.00840   0.00594   3.27874   3.80791   0.06662  
 77 1320.7654  50733.116777  x:  3.29963   0.17594   0.04189   0.06025   0.21295   0.02025   0.05936   0.05069   0.01661   0.01796   0.04750   0.17538   0.17577   0.19604   0.00621   0.00284   0.45484   0.27643   0.08742   0.04367   0.16879   0.01858   0.15260   0.08317   0.05120   0.04532   0.00036   0.00000   0.06154   0.14956   0.12489   0.00847   0.00588   3.30694   3.82593   0.06614  
 78 1047.4337  50728.613042  x:  3.33427   0.20261   0.04350   0.05019   0.20476   0.02142   0.05544   0.05276   0.01675   0.01785   0.04549   0.18052   0.17154   0.19837   0.00620   0.00287   0.45120   0.26157   0.07492   0.03882   0.16818   0.02466   0.15192   0.08328   0.04592   0.04580   0.00036   0.00000   0.06459   0.15379   0.12257   0.00845   0.00591   3.34157   3.84808   0.06583  
 79 890.4992  50726.104140  x:  3.35660   0.21267   0.04626   0.04445   0.20075   0.02032   0.05285   0.04922   0.01667   0.01803   0.04970   0.18013   0.17023   0.19913   0.00622   0.00282   0.44675   0.25254   0.07004   0.04095   0.16718   0.01965   0.15123   0.08263   0.04893   0.04584   0.00036   0.00000   0.06632   0.15686   0.11994   0.00841   0.00592   3.36391   3.86230   0.06575  
 80 762.9662  50722.052448  x:  3.40170   0.21608   0.05345   0.04627   0.19867   0.01779   0.06102   0.05077   0.01661   0.01804   0.05285   0.17339   0.17148   0.19913   0.00622   0.00288   0.43458   0.24029   0.06557   0.04980   0.16751   0.02295   0.15153   0.08420   0.04946   0.04368   0.00036   0.00000   0.06475   0.15971   0.11573   0.00842   0.00593   3.40901   3.89079   0.06547  
 81 600.8841  50713.786988  x:  3.49711   0.21184   0.06222   0.05827   0.20018   0.02182   0.05521   0.04856   0.01658   0.01792   0.04646   0.16010   0.17626   0.19831   0.00612   0.00294   0.40954   0.22516   0.06173   0.04986   0.16757   0.02055   0.15210   0.08462   0.04567   0.04844   0.00036   0.00000   0.05447   0.16053   0.11386   0.00843   0.00591   3.50442   3.95070   0.06517  
 82 1379.0569  50701.278137  x:  3.64961   0.19797   0.05359   0.06125   0.20699   0.02120   0.04845   0.05669   0.01716   0.01773   0.04705   0.15231   0.18226   0.19704   0.00603   0.00304   0.37964   0.22551   0.06969   0.04230   0.16894   0.02242   0.15259   0.08287   0.05488   0.03899   0.00036   0.00000   0.06371   0.15516   0.12632   0.00858   0.00578   3.65691   4.04564   0.06430  
 83 1637.7711  50686.175460  x:  3.83999   0.18079   0.04358   0.05741   0.21577   0.01897   0.05946   0.04764   0.01654   0.01811   0.05230   0.15456   0.18618   0.19624   0.00613   0.00288   0.35653   0.24031   0.09033   0.03551   0.16996   0.02039   0.15243   0.08152   0.04520   0.04881   0.00035   0.00000   0.07586   0.14907   0.13567   0.00841   0.00587   3.84730   4.16345   0.06291  
 84 3704.5474  50651.956192  x:  4.30342   0.13755   0.06023   0.04565   0.22928   0.02209   0.05336   0.05197   0.01685   0.01781   0.04526   0.19246   0.18186   0.19850   0.00625   0.00289   0.36529   0.30088   0.16637   0.04950   0.17065   0.01994   0.15425   0.08841   0.04854   0.04592   0.00034   0.00000   0.06499   0.14780   0.11507   0.00847   0.00579   4.31073   4.44749   0.05809  
 85 3151.9826  50635.902214  x:  4.51092   0.09954   0.05334   0.05272   0.22170   0.01639   0.05517   0.05182   0.01697   0.01809   0.05814   0.20014   0.17686   0.20257   0.00639   0.00276   0.40855   0.30384   0.19222   0.03943   0.17007   0.02398   0.15374   0.07984   0.04973   0.04419   0.00034   0.00000   0.05148   0.16864   0.11818   0.00859   0.00562   4.51823   4.57237   0.05626  
 86 2286.0055  50624.617386  x:  4.66078   0.06772   0.04556   0.05905   0.21299   0.02150   0.05554   0.05113   0.01691   0.01786   0.04752   0.19901   0.17467   0.20616   0.00637   0.00274   0.45336   0.29599   0.20941   0.04768   0.17047   0.02001   0.15423   0.08103   0.04858   0.04571   0.00033   0.00000   0.06537   0.17794   0.12373   0.00860   0.00562   4.66808   4.66112   0.05495  
 87 3048.0352  50620.441673  x:  4.71527   0.05916   0.04844   0.05895   0.21332   0.02008   0.05542   0.05121   0.01693   0.01796   0.05096   0.19013   0.17881   0.20657   0.00636   0.00275   0.47777   0.28773   0.21929   0.04060   0.17136   0.01944   0.15557   0.08983   0.04827   0.04590   0.00033   0.00000   0.07003   0.16145   0.12014   0.00848   0.00571   4.72257   4.69114   0.05444  
 88 806.4491  50619.559894  x:  4.72716   0.06048   0.05039   0.05748   0.21692   0.02023   0.05542   0.05118   0.01693   0.01793   0.05058   0.18584   0.18138   0.20547   0.00633   0.00278   0.48459   0.28511   0.22434   0.04164   0.17145   0.02051   0.15424   0.08332   0.04819   0.04625   0.00033   0.00000   0.06976   0.15667   0.12239   0.00847   0.00572   4.73447   4.69602   0.05425  
 89 269.3793  50619.318120  x:  4.73113   0.06265   0.04923   0.05655   0.22133   0.02023   0.05542   0.05125   0.01692   0.01793   0.05046   0.18405   0.18293   0.20399   0.00633   0.00278   0.48686   0.28352   0.22737   0.04248   0.17123   0.02022   0.15483   0.08538   0.04807   0.04624   0.00033   0.00000   0.06821   0.15813   0.12470   0.00849   0.00570   4.73843   4.69536   0.05412  
 90 82.0937  50619.228497  x:  4.73350   0.06298   0.04789   0.05725   0.22447   0.02022   0.05536   0.05132   0.01693   0.01792   0.05047   0.18447   0.18327   0.20307   0.00633   0.00278   0.48736   0.28225   0.22792   0.04216   0.17116   0.02023   0.15485   0.08487   0.04812   0.04621   0.00033   0.00000   0.06903   0.15896   0.12237   0.00848   0.00571   4.74080   4.69222   0.05406  
 91 37.3880  50618.883140  x:  4.74767   0.05945   0.05072   0.05482   0.22951   0.02009   0.05545   0.05119   0.01692   0.01793   0.05046   0.18888   0.18197   0.20207   0.00635   0.00277   0.48738   0.27900   0.22508   0.04189   0.17189   0.02032   0.15426   0.08505   0.04807   0.04629   0.00033   0.00000   0.06910   0.15835   0.12405   0.00848   0.00571   4.75497   4.66439   0.05386  
 92 36.1580  50616.965611  x:  4.83033   0.06047   0.04942   0.05625   0.22290   0.02017   0.05543   0.05127   0.01692   0.01794   0.05051   0.18548   0.18253   0.20522   0.00633   0.00279   0.48486   0.28171   0.22681   0.04219   0.16798   0.02059   0.15624   0.08464   0.04813   0.04629   0.00033   0.00000   0.06893   0.15836   0.12327   0.00847   0.00574   4.83764   4.49652   0.05247  
 93 183.7418  50616.873341  x:  4.83437   0.06086   0.04917   0.05657   0.22207   0.02020   0.05542   0.05128   0.01692   0.01795   0.05050   0.18483   0.18173   0.20382   0.00632   0.00279   0.48474   0.28208   0.22718   0.04209   0.17111   0.02033   0.15420   0.08500   0.04816   0.04625   0.00033   0.00000   0.06884   0.15854   0.12313   0.00847   0.00574   4.84168   4.48840   0.05241  
 94 99.7247  50616.864632  x:  4.83467   0.06087   0.04922   0.05660   0.22172   0.02020   0.05542   0.05127   0.01692   0.01795   0.05051   0.18487   0.18149   0.20254   0.00632   0.00279   0.48475   0.28210   0.22717   0.04208   0.17111   0.02032   0.15486   0.08487   0.04815   0.04626   0.00033   0.00000   0.06886   0.15845   0.12316   0.00847   0.00574   4.84198   4.48804   0.05242  
 95  6.1770  50616.826036  x:  4.83569   0.06084   0.04916   0.05670   0.22088   0.02021   0.05543   0.05128   0.01691   0.01795   0.05051   0.18569   0.18323   0.20068   0.00632   0.00280   0.48479   0.28199   0.22699   0.04214   0.16996   0.02045   0.15351   0.08514   0.04816   0.04625   0.00033   0.00000   0.06882   0.15840   0.12320   0.00847   0.00574   4.84300   4.48795   0.05244  
 96  3.6872  50616.409680  x:  4.84628   0.06160   0.04987   0.05612   0.21917   0.02024   0.05546   0.05127   0.01690   0.01795   0.05049   0.18837   0.19163   0.20046   0.00630   0.00281   0.48519   0.28157   0.22589   0.04171   0.17424   0.02006   0.15657   0.08434   0.04815   0.04628   0.00033   0.00000   0.06913   0.15970   0.12296   0.00848   0.00572   4.85359   4.48928   0.05242  
 97 11.6629  50599.107395  x:  5.30106   0.10436   0.05133   0.05615   0.22449   0.01931   0.05560   0.05127   0.01654   0.01772   0.05120   0.18240   0.18399   0.20604   0.00607   0.00278   0.49781   0.28064   0.18612   0.04036   0.17139   0.02111   0.15499   0.08448   0.04828   0.04585   0.00022   0.00000   0.07127   0.16334   0.12418   0.00839   0.00560   5.30847   4.55826   0.05613  
 98 108.1828  50591.504456  x:  5.81483   0.15004   0.05435   0.05744   0.22976   0.01857   0.05563   0.05144   0.01654   0.01780   0.05211   0.18337   0.18844   0.20567   0.00597   0.00271   0.49660   0.29129   0.13701   0.03984   0.17218   0.02134   0.15597   0.08446   0.04844   0.04542   0.00042   0.00000   0.07258   0.16697   0.12485   0.00845   0.00553   5.82223   4.86785   0.05200  