

TREE # 1

  0  0.0000 2709984.181838  x:  0.27245   0.00065   0.00328   0.08092   0.07415   0.00011   0.00009   0.02954   0.03705   0.00013   0.00031   0.03680   0.07836   0.00023   0.00030   0.08979   0.03756   0.05440   0.09418   0.11626   0.02715   0.08013   0.05361   0.00050   0.00050   0.06332   0.12203   0.18248   0.33447   0.84800   0.79356   2.00000   2.00000  
  1 99.0000 2708851.909890  x:  0.27248   0.00295   0.00445   0.08091   0.07414   0.00000   0.00019   0.02964   0.03703   0.00017   0.00019   0.03679   0.07835   0.00021   0.00029   0.08985   0.03780   0.05433   0.09412   0.11629   0.02749   0.08029   0.05362   0.00051   0.00054   0.06334   0.12192   0.18248   0.33443   0.84789   0.79346   2.00027   1.99980  
  2 616996.2248 2708851.909890  x:  0.27248   0.00295   0.00445   0.08091   0.07414   0.00000   0.00019   0.02964   0.03703   0.00017   0.00019   0.03679   0.07835   0.00021   0.00029   0.08985   0.03780   0.05433   0.09412   0.11629   0.02749   0.08029   0.05362   0.00051   0.00054   0.06334   0.12192   0.18248   0.33443   0.84789   0.79346   2.00027   1.99980  
  3 1078489448.9728 2708199.047053  x:  0.27249   0.00391   0.00518   0.08089   0.07413   0.00915   0.00000   0.02971   0.03701   0.00006   0.00016   0.03677   0.07831   0.00024   0.00030   0.08989   0.03802   0.05426   0.09407   0.11632   0.02780   0.08044   0.05363   0.00051   0.00054   0.06336   0.12182   0.18248   0.33440   0.84779   0.79338   1.99970   1.98365  
  4 4678437.0331 2707085.563199  x:  0.27256   0.00670   0.00731   0.08082   0.07406   0.00293   0.00208   0.02996   0.03694   0.00309   0.00199   0.03671   0.07810   0.00000   0.00027   0.09006   0.03883   0.05401   0.09387   0.11643   0.02892   0.08100   0.05366   0.00051   0.00054   0.06343   0.12145   0.18247   0.33426   0.84740   0.79305   1.99324   1.97831  
  5 814622.4122 2706726.357015  x:  0.27259   0.00802   0.00831   0.08079   0.07403   0.00000   0.00301   0.03007   0.03691   0.00446   0.00281   0.03668   0.07800   0.00085   0.00027   0.09015   0.03922   0.05389   0.09378   0.11648   0.02946   0.08127   0.05367   0.00052   0.00054   0.06346   0.12127   0.18247   0.33420   0.84721   0.79289   1.99024   1.97580  
  6 26359247.2908 2705515.080440  x:  0.27276   0.01300   0.01187   0.08056   0.07380   0.00120   0.00033   0.03061   0.03669   0.00260   0.00000   0.03650   0.07719   0.00096   0.00059   0.09064   0.04159   0.05312   0.09317   0.11680   0.03264   0.08295   0.05376   0.00044   0.00048   0.06367   0.12012   0.18243   0.33377   0.84601   0.79188   1.98478   1.97672  
  7 250554.9650 2705515.080440  x:  0.27276   0.01300   0.01187   0.08056   0.07380   0.00120   0.00033   0.03061   0.03669   0.00260   0.00000   0.03650   0.07719   0.00096   0.00059   0.09064   0.04159   0.05312   0.09317   0.11680   0.03264   0.08295   0.05376   0.00044   0.00048   0.06367   0.12012   0.18243   0.33377   0.84601   0.79188   1.98478   1.97672  
  8 11215689.8067 2705515.080440  x:  0.27276   0.01300   0.01187   0.08056   0.07380   0.00120   0.00033   0.03061   0.03669   0.00260   0.00000   0.03650   0.07719   0.00096   0.00059   0.09064   0.04159   0.05312   0.09317   0.11680   0.03264   0.08295   0.05376   0.00044   0.00048   0.06367   0.12012   0.18243   0.33377   0.84601   0.79188   1.98478   1.97672  
  9 9028104.8781 2705460.947313  x:  0.27276   0.01300   0.01187   0.08056   0.07380   0.00119   0.00032   0.03061   0.03669   0.00259   0.00018   0.03650   0.07719   0.00095   0.00058   0.09065   0.04160   0.05311   0.09317   0.11680   0.03265   0.08295   0.05376   0.00044   0.00048   0.06367   0.12012   0.18243   0.33377   0.84601   0.79188   1.98489   1.97699  
 10 4604104.9663 2705326.740399  x:  0.27277   0.01305   0.01187   0.08054   0.07379   0.00082   0.00003   0.03062   0.03668   0.00222   0.00119   0.03650   0.07713   0.00064   0.00037   0.09067   0.04170   0.05307   0.09314   0.11681   0.03277   0.08303   0.05377   0.00050   0.00053   0.06368   0.12005   0.18243   0.33375   0.84595   0.79183   1.98452   1.97662  
 11 542903.9833 2705153.007197  x:  0.27278   0.01314   0.01187   0.08052   0.07376   0.00017   0.00060   0.03063   0.03667   0.00152   0.00152   0.03648   0.07703   0.00014   0.00013   0.09071   0.04190   0.05299   0.09308   0.11684   0.03301   0.08318   0.05377   0.00054   0.00056   0.06370   0.11994   0.18242   0.33370   0.84582   0.79173   1.98461   1.97641  
 12 419509.5432 2705108.918055  x:  0.27278   0.01317   0.01188   0.08051   0.07376   0.00002   0.00060   0.03064   0.03666   0.00133   0.00154   0.03648   0.07700   0.00012   0.00020   0.09073   0.04195   0.05297   0.09307   0.11685   0.03307   0.08322   0.05378   0.00054   0.00056   0.06370   0.11991   0.18242   0.33369   0.84579   0.79170   1.98468   1.97637  
 13 508042.4681 2704886.444004  x:  0.27280   0.01333   0.01188   0.08046   0.07371   0.00008   0.00066   0.03066   0.03663   0.00009   0.00171   0.03645   0.07681   0.00006   0.00034   0.09080   0.04231   0.05282   0.09296   0.11691   0.03349   0.08350   0.05379   0.00055   0.00057   0.06374   0.11970   0.18240   0.33361   0.84557   0.79151   1.98507   1.97612  
 14 594052.1527 2704880.002908  x:  0.27280   0.01334   0.01189   0.08046   0.07371   0.00007   0.00066   0.03066   0.03663   0.00005   0.00172   0.03645   0.07680   0.00009   0.00033   0.09081   0.04233   0.05281   0.09296   0.11691   0.03351   0.08351   0.05379   0.00055   0.00057   0.06374   0.11969   0.18240   0.33361   0.84556   0.79150   1.98509   1.97611  
 15 606368.7981 2704751.305497  x:  0.27284   0.01360   0.01190   0.08039   0.07363   0.00005   0.00055   0.03070   0.03658   0.00000   0.00185   0.03641   0.07650   0.00005   0.00016   0.09094   0.04289   0.05258   0.09279   0.11700   0.03417   0.08395   0.05381   0.00054   0.00057   0.06379   0.11936   0.18238   0.33349   0.84521   0.79121   1.98578   1.97575  
 16 211043.5069 2703874.647957  x:  0.27308   0.01547   0.01200   0.07986   0.07308   0.00007   0.00067   0.03099   0.03624   0.00005   0.00337   0.03612   0.07435   0.00026   0.00000   0.09185   0.04696   0.05087   0.09158   0.11765   0.03895   0.08711   0.05396   0.00059   0.00061   0.06417   0.11696   0.18220   0.33259   0.84267   0.78908   1.99044   1.97302  
 17 4420460.4209 2703874.647957  x:  0.27308   0.01547   0.01200   0.07986   0.07308   0.00007   0.00067   0.03099   0.03624   0.00005   0.00337   0.03612   0.07435   0.00026   0.00000   0.09185   0.04696   0.05087   0.09158   0.11765   0.03895   0.08711   0.05396   0.00059   0.00061   0.06417   0.11696   0.18220   0.33259   0.84267   0.78908   1.99044   1.97302  
 18 363806.3332 2703724.594084  x:  0.27308   0.01547   0.01200   0.07986   0.07308   0.00007   0.00066   0.03099   0.03624   0.00006   0.00336   0.03612   0.07435   0.00026   0.00049   0.09185   0.04697   0.05087   0.09158   0.11765   0.03895   0.08711   0.05396   0.00058   0.00061   0.06417   0.11696   0.18220   0.33259   0.84267   0.78908   1.99062   1.97284  
 19 7776914.1219 2703533.986384  x:  0.27309   0.01549   0.01199   0.07984   0.07306   0.00018   0.00005   0.03099   0.03623   0.00060   0.00270   0.03611   0.07426   0.00015   0.00025   0.09189   0.04709   0.05080   0.09153   0.11768   0.03907   0.08722   0.05396   0.00049   0.00053   0.06418   0.11686   0.18218   0.33255   0.84255   0.78898   1.99084   1.97236  
 20 274108.1877 2703418.530383  x:  0.27310   0.01550   0.01199   0.07983   0.07304   0.00009   0.00004   0.03100   0.03623   0.00060   0.00212   0.03611   0.07419   0.00025   0.00006   0.09192   0.04720   0.05073   0.09149   0.11770   0.03917   0.08733   0.05396   0.00046   0.00049   0.06419   0.11676   0.18217   0.33252   0.84245   0.78889   1.99099   1.97198  
 21 415759.7546 2703418.530383  x:  0.27310   0.01550   0.01199   0.07983   0.07304   0.00009   0.00004   0.03100   0.03623   0.00060   0.00212   0.03611   0.07419   0.00025   0.00006   0.09192   0.04720   0.05073   0.09149   0.11770   0.03917   0.08733   0.05396   0.00046   0.00049   0.06419   0.11676   0.18217   0.33252   0.84245   0.78889   1.99099   1.97198  
 22 3043410.3162 2703335.890334  x:  0.27310   0.01551   0.01199   0.07982   0.07304   0.00011   0.00028   0.03100   0.03622   0.00045   0.00197   0.03611   0.07417   0.00025   0.00066   0.09193   0.04724   0.05071   0.09148   0.11771   0.03920   0.08735   0.05397   0.00048   0.00051   0.06420   0.11674   0.18216   0.33251   0.84242   0.78887   1.99148   1.97188  
 23 748069.7958 2703176.687055  x:  0.27311   0.01552   0.01198   0.07981   0.07302   0.00004   0.00005   0.03100   0.03622   0.00005   0.00149   0.03610   0.07410   0.00018   0.00059   0.09196   0.04733   0.05065   0.09144   0.11773   0.03929   0.08744   0.05397   0.00051   0.00054   0.06421   0.11666   0.18215   0.33248   0.84233   0.78879   1.99178   1.97153  
 24 272212.7096 2703136.623914  x:  0.27311   0.01552   0.01198   0.07980   0.07302   0.00011   0.00005   0.03100   0.03622   0.00001   0.00129   0.03610   0.07407   0.00017   0.00052   0.09197   0.04737   0.05063   0.09143   0.11774   0.03933   0.08748   0.05397   0.00052   0.00055   0.06421   0.11663   0.18215   0.33246   0.84230   0.78876   1.99189   1.97138  
 25 721160.5155 2703017.670990  x:  0.27312   0.01554   0.01198   0.07979   0.07300   0.00018   0.00000   0.03100   0.03621   0.00003   0.00077   0.03609   0.07400   0.00014   0.00037   0.09200   0.04748   0.05056   0.09139   0.11776   0.03942   0.08758   0.05397   0.00055   0.00057   0.06422   0.11654   0.18214   0.33243   0.84220   0.78868   1.99217   1.97098  
 26 3851813.0473 2703017.670990  x:  0.27312   0.01554   0.01198   0.07979   0.07300   0.00018   0.00000   0.03100   0.03621   0.00003   0.00077   0.03609   0.07400   0.00014   0.00037   0.09200   0.04748   0.05056   0.09139   0.11776   0.03942   0.08758   0.05397   0.00055   0.00057   0.06422   0.11654   0.18214   0.33243   0.84220   0.78868   1.99217   1.97098  
 27 13778250.3785 2702980.484442  x:  0.27312   0.01554   0.01198   0.07979   0.07300   0.00018   0.00015   0.03100   0.03621   0.00006   0.00076   0.03609   0.07400   0.00015   0.00036   0.09200   0.04748   0.05056   0.09139   0.11776   0.03943   0.08758   0.05397   0.00055   0.00057   0.06422   0.11653   0.18213   0.33243   0.84219   0.78867   1.99218   1.97097  
 28 2397941.3711 2702941.306825  x:  0.27312   0.01554   0.01198   0.07978   0.07299   0.00006   0.00012   0.03100   0.03621   0.00035   0.00061   0.03609   0.07397   0.00027   0.00032   0.09201   0.04752   0.05053   0.09137   0.11777   0.03946   0.08762   0.05397   0.00053   0.00056   0.06423   0.11650   0.18213   0.33242   0.84215   0.78864   1.99225   1.97081  
 29 272719.8269 2702852.497549  x:  0.27313   0.01556   0.01197   0.07976   0.07297   0.00021   0.00011   0.03101   0.03620   0.00037   0.00012   0.03608   0.07386   0.00033   0.00022   0.09205   0.04767   0.05044   0.09131   0.11780   0.03960   0.08775   0.05398   0.00048   0.00052   0.06424   0.11637   0.18211   0.33237   0.84201   0.78852   1.99249   1.97026  
 30 240714.8849 2702852.497549  x:  0.27313   0.01556   0.01197   0.07976   0.07297   0.00021   0.00011   0.03101   0.03620   0.00037   0.00012   0.03608   0.07386   0.00033   0.00022   0.09205   0.04767   0.05044   0.09131   0.11780   0.03960   0.08775   0.05398   0.00048   0.00052   0.06424   0.11637   0.18211   0.33237   0.84201   0.78852   1.99249   1.97026  
check convergence!
