

TREE # 1

  0  0.0000 2619639.294205  x:  0.27221   0.00054   0.00348   0.08073   0.07367   0.00011   0.00009   0.02919   0.03686   0.00014   0.00031   0.03651   0.07792   0.00023   0.00028   0.08917   0.03726   0.05456   0.09371   0.11539   0.02745   0.07969   0.05318   0.00048   0.00051   0.06238   0.12127   0.18177   0.33407   0.84936   0.79215   2.00000   2.00000  
  1 99.0000 2618604.309492  x:  0.27223   0.00259   0.00441   0.08072   0.07366   0.00000   0.00019   0.02927   0.03684   0.00014   0.00035   0.03649   0.07791   0.00021   0.00028   0.08922   0.03747   0.05450   0.09367   0.11541   0.02773   0.07983   0.05319   0.00050   0.00053   0.06240   0.12117   0.18176   0.33404   0.84926   0.79207   1.99946   1.99918  
  2 670264.7098 2616841.050061  x:  0.27238   0.01751   0.01134   0.08061   0.07357   0.00313   0.00085   0.02987   0.03669   0.00009   0.00066   0.03639   0.07782   0.00010   0.00027   0.08955   0.03899   0.05404   0.09331   0.11559   0.02986   0.08084   0.05322   0.00064   0.00069   0.06253   0.12048   0.18174   0.33377   0.84853   0.79146   1.99586   1.99334  
  3 14337297.5504 2616690.836551  x:  0.27239   0.01792   0.01161   0.08058   0.07353   0.00321   0.00013   0.02991   0.03666   0.00043   0.00024   0.03636   0.07768   0.00108   0.00032   0.08961   0.03930   0.05393   0.09324   0.11563   0.03026   0.08106   0.05323   0.00047   0.00052   0.06256   0.12033   0.18173   0.33370   0.84837   0.79132   1.99591   1.99261  
  4 339980.2502 2616690.836551  x:  0.27239   0.01792   0.01161   0.08058   0.07353   0.00321   0.00013   0.02991   0.03666   0.00043   0.00024   0.03636   0.07768   0.00108   0.00032   0.08961   0.03930   0.05393   0.09324   0.11563   0.03026   0.08106   0.05323   0.00047   0.00052   0.06256   0.12033   0.18173   0.33370   0.84837   0.79132   1.99591   1.99261  
  5 26699896.1905 2616504.023679  x:  0.27239   0.01790   0.01161   0.08057   0.07352   0.00293   0.00000   0.02992   0.03665   0.00025   0.00023   0.03636   0.07763   0.00085   0.00027   0.08962   0.03938   0.05390   0.09321   0.11564   0.03038   0.08112   0.05323   0.00049   0.00053   0.06257   0.12028   0.18173   0.33369   0.84832   0.79128   1.99532   1.99147  
  6 725163.5244 2616393.967118  x:  0.27240   0.01786   0.01162   0.08055   0.07351   0.00253   0.00081   0.02993   0.03664   0.00004   0.00034   0.03635   0.07756   0.00054   0.00024   0.08965   0.03951   0.05385   0.09318   0.11566   0.03054   0.08121   0.05323   0.00050   0.00053   0.06258   0.12022   0.18173   0.33366   0.84825   0.79122   1.99516   1.99067  
  7 866837.1873 2616321.144790  x:  0.27240   0.01782   0.01162   0.08053   0.07348   0.00200   0.00122   0.02994   0.03662   0.00067   0.00045   0.03634   0.07747   0.00019   0.00027   0.08968   0.03967   0.05379   0.09314   0.11568   0.03075   0.08133   0.05324   0.00051   0.00054   0.06259   0.12013   0.18172   0.33363   0.84816   0.79114   1.99503   1.99022  
  8 590634.4768 2615914.127809  x:  0.27242   0.01766   0.01165   0.08045   0.07340   0.00000   0.00117   0.02998   0.03656   0.00080   0.00013   0.03629   0.07713   0.00009   0.00043   0.08980   0.04028   0.05357   0.09298   0.11576   0.03153   0.08177   0.05325   0.00048   0.00052   0.06265   0.11980   0.18170   0.33350   0.84782   0.79085   1.99560   1.98987  
  9 283653.8745 2615914.127809  x:  0.27242   0.01766   0.01165   0.08045   0.07340   0.00000   0.00117   0.02998   0.03656   0.00080   0.00013   0.03629   0.07713   0.00009   0.00043   0.08980   0.04028   0.05357   0.09298   0.11576   0.03153   0.08177   0.05325   0.00048   0.00052   0.06265   0.11980   0.18170   0.33350   0.84782   0.79085   1.99560   1.98987  
 10 2188867.8362 2614999.538951  x:  0.27243   0.01759   0.01166   0.08042   0.07337   0.00596   0.00030   0.03000   0.03653   0.00000   0.00189   0.03627   0.07697   0.00135   0.00012   0.08985   0.04057   0.05346   0.09290   0.11580   0.03188   0.08198   0.05326   0.00052   0.00054   0.06267   0.11964   0.18169   0.33343   0.84765   0.79071   1.99501   1.97152  
 11 3013053.0959 2614951.725098  x:  0.27243   0.01759   0.01166   0.08042   0.07337   0.00599   0.00027   0.03000   0.03653   0.00030   0.00189   0.03627   0.07696   0.00134   0.00014   0.08985   0.04058   0.05345   0.09290   0.11580   0.03189   0.08199   0.05326   0.00052   0.00054   0.06268   0.11964   0.18169   0.33343   0.84764   0.79070   1.99501   1.97132  
 12 2101392.3102 2614756.888864  x:  0.27243   0.01757   0.01166   0.08040   0.07335   0.00561   0.00000   0.03001   0.03652   0.00029   0.00157   0.03626   0.07690   0.00104   0.00041   0.08987   0.04068   0.05341   0.09287   0.11582   0.03201   0.08206   0.05326   0.00051   0.00054   0.06269   0.11958   0.18168   0.33341   0.84758   0.79065   1.99494   1.97107  
 13 339043.1479 2614325.071784  x:  0.27245   0.01748   0.01167   0.08036   0.07331   0.00430   0.00026   0.03003   0.03649   0.00027   0.00050   0.03624   0.07670   0.00000   0.00081   0.08994   0.04103   0.05327   0.09277   0.11587   0.03245   0.08233   0.05327   0.00047   0.00052   0.06272   0.11938   0.18167   0.33333   0.84737   0.79047   1.99493   1.97025  
 14 1172407.9467 2614196.686322  x:  0.27245   0.01745   0.01168   0.08034   0.07329   0.00381   0.00033   0.03004   0.03647   0.00027   0.00010   0.03623   0.07663   0.00003   0.00094   0.08997   0.04116   0.05322   0.09273   0.11588   0.03260   0.08242   0.05327   0.00046   0.00051   0.06273   0.11931   0.18166   0.33330   0.84729   0.79040   1.99493   1.96999  
 15 1114738.4824 2614196.686322  x:  0.27245   0.01745   0.01168   0.08034   0.07329   0.00381   0.00033   0.03004   0.03647   0.00027   0.00010   0.03623   0.07663   0.00003   0.00094   0.08997   0.04116   0.05322   0.09273   0.11588   0.03260   0.08242   0.05327   0.00046   0.00051   0.06273   0.11931   0.18166   0.33330   0.84729   0.79040   1.99493   1.96999  
 16 171872507.5174 2614108.636356  x:  0.27245   0.01744   0.01168   0.08034   0.07329   0.00371   0.00025   0.03004   0.03647   0.00022   0.00045   0.03623   0.07661   0.00053   0.00087   0.08997   0.04118   0.05321   0.09273   0.11589   0.03264   0.08244   0.05327   0.00047   0.00051   0.06273   0.11929   0.18166   0.33330   0.84727   0.79039   1.99394   1.96933  
 17 1990405.4016 2613960.348680  x:  0.27246   0.01742   0.01168   0.08032   0.07327   0.00335   0.00000   0.03005   0.03646   0.00009   0.00035   0.03622   0.07655   0.00035   0.00063   0.08999   0.04128   0.05317   0.09270   0.11590   0.03275   0.08252   0.05327   0.00049   0.00053   0.06274   0.11923   0.18165   0.33327   0.84721   0.79034   1.99395   1.96908  
 18 280102.2259 2613852.601673  x:  0.27246   0.01740   0.01169   0.08031   0.07326   0.00296   0.00002   0.03005   0.03645   0.00001   0.00025   0.03622   0.07649   0.00017   0.00036   0.09001   0.04139   0.05312   0.09267   0.11592   0.03288   0.08260   0.05328   0.00051   0.00054   0.06275   0.11917   0.18165   0.33325   0.84715   0.79028   1.99398   1.96879  
 19 1378615.6425 2613796.856397  x:  0.27246   0.01738   0.01169   0.08030   0.07325   0.00272   0.00001   0.03006   0.03644   0.00005   0.00018   0.03621   0.07645   0.00005   0.00021   0.09003   0.04145   0.05310   0.09265   0.11593   0.03296   0.08265   0.05328   0.00052   0.00055   0.06276   0.11914   0.18165   0.33323   0.84711   0.79025   1.99398   1.96863  
 20 4991409.7512 2613782.470924  x:  0.27246   0.01737   0.01169   0.08030   0.07324   0.00257   0.00001   0.03006   0.03644   0.00006   0.00009   0.03621   0.07643   0.00006   0.00015   0.09003   0.04149   0.05308   0.09264   0.11593   0.03301   0.08268   0.05328   0.00053   0.00055   0.06276   0.11911   0.18164   0.33322   0.84708   0.79023   1.99398   1.96859  
 21 834030.2621 2613782.470924  x:  0.27246   0.01737   0.01169   0.08030   0.07324   0.00257   0.00001   0.03006   0.03644   0.00006   0.00009   0.03621   0.07643   0.00006   0.00015   0.09003   0.04149   0.05308   0.09264   0.11593   0.03301   0.08268   0.05328   0.00053   0.00055   0.06276   0.11911   0.18164   0.33322   0.84708   0.79023   1.99398   1.96859  
 22 1535345.4564 2600510.745181  x:  0.27249   0.01721   0.01171   0.08020   0.07315   0.00000   0.00555   0.03011   0.03637   0.00421   0.00533   0.03616   0.07601   0.00737   0.00261   0.09018   0.04219   0.05278   0.09244   0.11604   0.03384   0.08321   0.05329   0.00040   0.00047   0.06283   0.11869   0.18161   0.33306   0.84663   0.78984   1.84859   1.75392  
 23 14839897.1778 2598768.243359  x:  0.27252   0.01706   0.01173   0.08011   0.07306   0.00343   0.00273   0.03016   0.03631   0.00140   0.00258   0.03612   0.07559   0.00455   0.00000   0.09031   0.04288   0.05246   0.09222   0.11614   0.03464   0.08376   0.05331   0.00105   0.00087   0.06289   0.11825   0.18156   0.33287   0.84614   0.78943   1.84990   1.75243  
 24 407454.5512 2598057.436379  x:  0.27253   0.01698   0.01174   0.08006   0.07301   0.00464   0.00130   0.03018   0.03628   0.00000   0.00120   0.03609   0.07538   0.00312   0.00034   0.09038   0.04321   0.05231   0.09212   0.11620   0.03504   0.08403   0.05331   0.00120   0.00095   0.06292   0.11803   0.18154   0.33278   0.84590   0.78923   1.85050   1.75177  
 25 1720075.8555 2597668.750210  x:  0.27254   0.01692   0.01175   0.08002   0.07297   0.00545   0.00017   0.03020   0.03625   0.00014   0.00013   0.03608   0.07521   0.00200   0.00056   0.09043   0.04348   0.05219   0.09204   0.11624   0.03535   0.08424   0.05332   0.00127   0.00097   0.06295   0.11786   0.18153   0.33270   0.84570   0.78906   1.85100   1.75128  
 26 1375872.2209 2597668.750210  x:  0.27254   0.01692   0.01175   0.08002   0.07297   0.00545   0.00017   0.03020   0.03625   0.00014   0.00013   0.03608   0.07521   0.00200   0.00056   0.09043   0.04348   0.05219   0.09204   0.11624   0.03535   0.08424   0.05332   0.00127   0.00097   0.06295   0.11786   0.18153   0.33270   0.84570   0.78906   1.85100   1.75128  
 27 66224418.3132 2597095.948782  x:  0.27254   0.01691   0.01175   0.08002   0.07297   0.00518   0.00000   0.03021   0.03625   0.00016   0.00065   0.03607   0.07518   0.00175   0.00041   0.09044   0.04354   0.05215   0.09202   0.11625   0.03542   0.08429   0.05332   0.00111   0.00084   0.06296   0.11781   0.18152   0.33268   0.84566   0.78902   1.85076   1.74709  
 28 2346687.4112 2596941.218769  x:  0.27255   0.01688   0.01176   0.07999   0.07294   0.00445   0.00136   0.03022   0.03623   0.00005   0.00023   0.03606   0.07507   0.00111   0.00013   0.09048   0.04370   0.05207   0.09196   0.11628   0.03560   0.08442   0.05332   0.00073   0.00057   0.06297   0.11770   0.18151   0.33264   0.84553   0.78892   1.85107   1.74678  
 29 406591.6637 2596925.115995  x:  0.27255   0.01687   0.01176   0.07999   0.07294   0.00432   0.00152   0.03022   0.03623   0.00011   0.00013   0.03606   0.07505   0.00099   0.00014   0.09048   0.04373   0.05206   0.09195   0.11628   0.03563   0.08445   0.05332   0.00067   0.00054   0.06297   0.11768   0.18151   0.33263   0.84551   0.78890   1.85101   1.74674  
 30 1223012.2516 2596925.115995  x:  0.27255   0.01687   0.01176   0.07999   0.07294   0.00432   0.00152   0.03022   0.03623   0.00011   0.00013   0.03606   0.07505   0.00099   0.00014   0.09048   0.04373   0.05206   0.09195   0.11628   0.03563   0.08445   0.05332   0.00067   0.00054   0.06297   0.11768   0.18151   0.33263   0.84551   0.78890   1.85101   1.74674  
 31 17049720.0408 2591549.417107  x:  0.27256   0.01682   0.01176   0.07995   0.07290   0.00301   0.00027   0.03024   0.03621   0.00055   0.00241   0.03604   0.07487   0.00000   0.00122   0.09054   0.04401   0.05192   0.09186   0.11633   0.03594   0.08468   0.05333   0.00037   0.00050   0.06300   0.11748   0.18149   0.33254   0.84528   0.78871   1.85668   1.70256  
 32 5224945.0253 2591465.763049  x:  0.27256   0.01682   0.01176   0.07995   0.07290   0.00297   0.00024   0.03024   0.03620   0.00052   0.00238   0.03604   0.07486   0.00055   0.00120   0.09054   0.04402   0.05191   0.09186   0.11633   0.03595   0.08469   0.05333   0.00038   0.00050   0.06300   0.11747   0.18148   0.33254   0.84527   0.78870   1.85672   1.70233  
 33 2213953.2040 2591279.918946  x:  0.27257   0.01680   0.01176   0.07994   0.07289   0.00261   0.00000   0.03025   0.03620   0.00025   0.00204   0.03604   0.07482   0.00055   0.00091   0.09056   0.04410   0.05187   0.09183   0.11634   0.03604   0.08475   0.05333   0.00049   0.00053   0.06301   0.11742   0.18148   0.33252   0.84521   0.78865   1.85680   1.70230  
 34 311397.0348 2591157.823007  x:  0.27257   0.01679   0.01177   0.07993   0.07288   0.00231   0.00003   0.03025   0.03619   0.00002   0.00176   0.03604   0.07477   0.00056   0.00067   0.09057   0.04416   0.05184   0.09181   0.11635   0.03611   0.08481   0.05333   0.00056   0.00055   0.06302   0.11737   0.18147   0.33250   0.84516   0.78860   1.85688   1.70226  
 35 1968972.1480 2590903.924301  x:  0.27258   0.01676   0.01177   0.07990   0.07285   0.00155   0.00006   0.03026   0.03618   0.00007   0.00103   0.03603   0.07467   0.00056   0.00007   0.09061   0.04433   0.05175   0.09175   0.11638   0.03629   0.08495   0.05333   0.00071   0.00059   0.06303   0.11725   0.18146   0.33244   0.84502   0.78849   1.85707   1.70220  
 36 1367590.5158 2590704.783618  x:  0.27259   0.01673   0.01177   0.07988   0.07283   0.00067   0.00008   0.03028   0.03616   0.00009   0.00021   0.03602   0.07454   0.00056   0.00003   0.09065   0.04452   0.05165   0.09169   0.11642   0.03649   0.08511   0.05333   0.00082   0.00061   0.06305   0.11711   0.18144   0.33239   0.84487   0.78835   1.85744   1.70217  
 37 1117101.2303 2590690.716680  x:  0.27259   0.01672   0.01177   0.07987   0.07282   0.00055   0.00008   0.03028   0.03616   0.00010   0.00011   0.03601   0.07453   0.00056   0.00003   0.09065   0.04454   0.05164   0.09168   0.11642   0.03652   0.08513   0.05333   0.00083   0.00061   0.06305   0.11710   0.18144   0.33238   0.84485   0.78834   1.85744   1.70217  
 38 2486582.1782 2590628.504106  x:  0.27259   0.01670   0.01178   0.07986   0.07281   0.00007   0.00008   0.03029   0.03615   0.00010   0.00009   0.03601   0.07446   0.00056   0.00004   0.09067   0.04464   0.05159   0.09165   0.11644   0.03663   0.08521   0.05334   0.00085   0.00062   0.06306   0.11702   0.18143   0.33235   0.84476   0.78827   1.85744   1.70216  
 39 463907.3422 2590628.504106  x:  0.27259   0.01670   0.01178   0.07986   0.07281   0.00007   0.00008   0.03029   0.03615   0.00010   0.00009   0.03601   0.07446   0.00056   0.00004   0.09067   0.04464   0.05159   0.09165   0.11644   0.03663   0.08521   0.05334   0.00085   0.00062   0.06306   0.11702   0.18143   0.33235   0.84476   0.78827   1.85744   1.70216  
 40 528961.8540 2587920.002841  x:  0.27261   0.01667   0.01178   0.07983   0.07278   0.00031   0.00040   0.03030   0.03614   0.00063   0.00022   0.03600   0.07432   0.00000   0.00453   0.09072   0.04485   0.05147   0.09157   0.11648   0.03686   0.08539   0.05334   0.00045   0.00045   0.06308   0.11686   0.18142   0.33228   0.84458   0.78811   1.78494   1.64270  
 41 13636452.4275 2587761.673403  x:  0.27261   0.01666   0.01178   0.07982   0.07277   0.00005   0.00013   0.03031   0.03613   0.00036   0.00030   0.03599   0.07427   0.00162   0.00423   0.09073   0.04493   0.05143   0.09155   0.11649   0.03694   0.08546   0.05334   0.00049   0.00051   0.06309   0.11681   0.18141   0.33225   0.84452   0.78806   1.78562   1.64162  
 42 885144.8545 2587604.542667  x:  0.27261   0.01664   0.01178   0.07980   0.07275   0.00039   0.00002   0.03031   0.03612   0.00005   0.00026   0.03599   0.07421   0.00145   0.00372   0.09075   0.04502   0.05138   0.09152   0.11651   0.03704   0.08554   0.05334   0.00051   0.00054   0.06310   0.11673   0.18140   0.33222   0.84443   0.78799   1.78594   1.64115  
 43 331890.6518 2587604.542667  x:  0.27261   0.01664   0.01178   0.07980   0.07275   0.00039   0.00002   0.03031   0.03612   0.00005   0.00026   0.03599   0.07421   0.00145   0.00372   0.09075   0.04502   0.05138   0.09152   0.11651   0.03704   0.08554   0.05334   0.00051   0.00054   0.06310   0.11673   0.18140   0.33222   0.84443   0.78799   1.78594   1.64115  
 44 13150193.4974 2587458.647596  x:  0.27262   0.01663   0.01179   0.07979   0.07274   0.00008   0.00124   0.03032   0.03611   0.00079   0.00019   0.03598   0.07415   0.00107   0.00331   0.09077   0.04510   0.05133   0.09149   0.11652   0.03713   0.08561   0.05334   0.00050   0.00053   0.06311   0.11667   0.18139   0.33219   0.84435   0.78792   1.78566   1.63951  
 45 806258.6338 2587458.647596  x:  0.27262   0.01663   0.01179   0.07979   0.07274   0.00008   0.00124   0.03032   0.03611   0.00079   0.00019   0.03598   0.07415   0.00107   0.00331   0.09077   0.04510   0.05133   0.09149   0.11652   0.03713   0.08561   0.05334   0.00050   0.00053   0.06311   0.11667   0.18139   0.33219   0.84435   0.78792   1.78566   1.63951  
 46 7588666.4786 2587374.409156  x:  0.27263   0.01660   0.01179   0.07977   0.07272   0.00002   0.00057   0.03033   0.03610   0.00020   0.00052   0.03597   0.07406   0.00048   0.00263   0.09080   0.04524   0.05126   0.09144   0.11655   0.03728   0.08573   0.05335   0.00050   0.00053   0.06312   0.11656   0.18138   0.33214   0.84423   0.78782   1.77849   1.63834  
 47 1551173.2941 2587274.684856  x:  0.27263   0.01659   0.01179   0.07976   0.07271   0.00084   0.00020   0.03034   0.03610   0.00005   0.00033   0.03597   0.07400   0.00021   0.00222   0.09082   0.04533   0.05121   0.09140   0.11656   0.03737   0.08581   0.05335   0.00050   0.00053   0.06313   0.11649   0.18137   0.33211   0.84415   0.78775   1.77836   1.63787  
 48 420951.1542 2587212.260019  x:  0.27263   0.01658   0.01179   0.07975   0.07270   0.00099   0.00003   0.03034   0.03609   0.00021   0.00027   0.03597   0.07397   0.00012   0.00199   0.09083   0.04538   0.05118   0.09139   0.11657   0.03742   0.08585   0.05335   0.00050   0.00053   0.06313   0.11645   0.18136   0.33210   0.84410   0.78771   1.77834   1.63754  
 49 782939.9917 2586849.302277  x:  0.27265   0.01653   0.01180   0.07970   0.07265   0.00128   0.00054   0.03036   0.03607   0.00008   0.00011   0.03595   0.07374   0.00016   0.00041   0.09090   0.04572   0.05099   0.09126   0.11663   0.03778   0.08615   0.05335   0.00050   0.00053   0.06317   0.11618   0.18133   0.33198   0.84379   0.78744   1.77838   1.63565  
 50 501941.3571 2586849.302277  x:  0.27265   0.01653   0.01180   0.07970   0.07265   0.00128   0.00054   0.03036   0.03607   0.00008   0.00011   0.03595   0.07374   0.00016   0.00041   0.09090   0.04572   0.05099   0.09126   0.11663   0.03778   0.08615   0.05335   0.00050   0.00053   0.06317   0.11618   0.18133   0.33198   0.84379   0.78744   1.77838   1.63565  
 51 1145499.3057 2586849.302277  x:  0.27265   0.01653   0.01180   0.07970   0.07265   0.00128   0.00054   0.03036   0.03607   0.00008   0.00011   0.03595   0.07374   0.00016   0.00041   0.09090   0.04572   0.05099   0.09126   0.11663   0.03778   0.08615   0.05335   0.00050   0.00053   0.06317   0.11618   0.18133   0.33198   0.84379   0.78744   1.77838   1.63565  
 52 5632343.4513 2586778.756923  x:  0.27265   0.01652   0.01180   0.07969   0.07264   0.00096   0.00025   0.03037   0.03606   0.00039   0.00060   0.03595   0.07370   0.00028   0.00030   0.09091   0.04578   0.05095   0.09124   0.11665   0.03784   0.08620   0.05335   0.00050   0.00053   0.06317   0.11613   0.18132   0.33195   0.84373   0.78739   1.77883   1.63593  
 53 410906.6494 2586693.169308  x:  0.27266   0.01651   0.01180   0.07968   0.07263   0.00065   0.00002   0.03037   0.03606   0.00033   0.00062   0.03594   0.07366   0.00027   0.00025   0.09093   0.04584   0.05092   0.09122   0.11666   0.03791   0.08626   0.05335   0.00050   0.00053   0.06318   0.11608   0.18132   0.33193   0.84367   0.78734   1.77904   1.63582  
 54 313596.2427 2586566.032812  x:  0.27266   0.01650   0.01180   0.07967   0.07262   0.00007   0.00006   0.03038   0.03605   0.00023   0.00065   0.03594   0.07358   0.00026   0.00018   0.09095   0.04596   0.05085   0.09118   0.11668   0.03803   0.08636   0.05336   0.00050   0.00053   0.06319   0.11599   0.18130   0.33189   0.84356   0.78725   1.77944   1.63564  
 55 705131.4646 2586411.317390  x:  0.27268   0.01644   0.01181   0.07960   0.07255   0.00000   0.00007   0.03041   0.03601   0.00021   0.00073   0.03592   0.07328   0.00034   0.00079   0.09105   0.04639   0.05060   0.09102   0.11676   0.03847   0.08674   0.05336   0.00050   0.00053   0.06323   0.11563   0.18126   0.33173   0.84314   0.78690   1.78065   1.63494  
 56 195460.0203 2586012.199839  x:  0.27274   0.01628   0.01183   0.07943   0.07238   0.00005   0.00011   0.03049   0.03593   0.00000   0.00096   0.03586   0.07249   0.00048   0.00197   0.09130   0.04754   0.04992   0.09059   0.11698   0.03966   0.08776   0.05338   0.00050   0.00053   0.06335   0.11469   0.18113   0.33131   0.84203   0.78596   1.78397   1.63311  
 57 11011785.1422 2578957.183923  x:  0.27494   0.01032   0.01251   0.07305   0.06600   0.00161   0.00192   0.03351   0.03264   0.00206   0.00538   0.03367   0.04303   0.00377   0.04265   0.10070   0.09049   0.02479   0.07468   0.12515   0.08398   0.12592   0.05393   0.00049   0.00052   0.06756   0.07939   0.17639   0.31550   0.80043   0.75080   1.90758   1.56085  
 58 29141588.2710 2577703.486365  x:  0.27499   0.01399   0.01249   0.07313   0.06616   0.00173   0.00194   0.03337   0.03316   0.00215   0.00507   0.03403   0.04482   0.00000   0.04685   0.10119   0.09164   0.02526   0.07437   0.12566   0.08450   0.12740   0.05384   0.00066   0.00064   0.06749   0.07779   0.17565   0.31420   0.79646   0.74748   1.91845   1.55676  
 59 273824.6521 2577560.528413  x:  0.27499   0.01447   0.01246   0.07318   0.06623   0.00175   0.00194   0.03331   0.03328   0.00218   0.00490   0.03411   0.04528   0.00000   0.04776   0.10128   0.09176   0.02546   0.07436   0.12576   0.08444   0.12763   0.05381   0.00018   0.00028   0.06745   0.07754   0.17547   0.31391   0.79554   0.74672   1.92091   1.55588  
 60 999709.7439 2577324.705062  x:  0.27496   0.01419   0.01234   0.07332   0.06639   0.00179   0.00193   0.03313   0.03345   0.00221   0.00442   0.03424   0.04603   0.00000   0.04891   0.10134   0.09157   0.02595   0.07449   0.12586   0.08393   0.12768   0.05377   0.00032   0.00004   0.06735   0.07747   0.17519   0.31354   0.79424   0.74564   1.92428   1.55476  
 61 605838.9969 2574838.702954  x:  0.27472   0.01132   0.01125   0.07461   0.06793   0.00213   0.00184   0.03148   0.03504   0.00255   0.00000   0.03536   0.05289   0.00000   0.05940   0.10191   0.08975   0.03058   0.07574   0.12671   0.07913   0.12802   0.05338   0.00035   0.00009   0.06644   0.07689   0.17262   0.31016   0.78237   0.73579   1.95513   1.54458  