

TREE # 1

  0  0.0000  64861.467443  x:  0.73621   0.00357   0.06500   0.00000   0.13439   0.01486   0.06883   0.05993   0.03643   0.03572   0.03874   0.07060   0.11609   0.14806   0.01529   0.01334   0.26061   0.19110   0.16112   0.03489   0.12683   0.01750   0.11067   0.08455   0.05288   0.05696   0.01346   0.03494   0.04154   0.12582   0.10557   0.02690   0.02199   0.75898   1.79112   1.90038   2.20310   2.15558   2.17854  
  1 99.0000  64575.443304  x:  0.73883   0.01543   0.06619   0.11756   0.13568   0.01678   0.06597   0.05734   0.03112   0.03086   0.03882   0.07506   0.11722   0.14858   0.00920   0.00706   0.26128   0.19156   0.16139   0.03608   0.12767   0.02021   0.11152   0.08370   0.05182   0.05535   0.00525   0.02656   0.04367   0.12651   0.10567   0.02083   0.01630   0.76160   1.79437   1.89898   2.20080   2.15513   2.17535  
  2 43624.3689  64496.766727  x:  0.74050   0.01902   0.06558   0.11714   0.13565   0.01747   0.06421   0.05582   0.02799   0.02803   0.03869   0.07677   0.11784   0.14890   0.00631   0.00419   0.26104   0.19165   0.16117   0.03675   0.12816   0.02130   0.11202   0.08319   0.05124   0.05438   0.00000   0.02099   0.04467   0.12693   0.10575   0.01726   0.01309   0.76328   1.79651   1.89808   2.19927   2.15485   2.17324  
  3 7152.8578  64433.423119  x:  0.74269   0.02368   0.06479   0.11661   0.13560   0.01836   0.06191   0.05384   0.02391   0.02434   0.03853   0.07900   0.11865   0.14931   0.00259   0.00050   0.26073   0.19176   0.16089   0.03764   0.12881   0.02270   0.11267   0.08253   0.05048   0.05312   0.00012   0.01371   0.04597   0.12747   0.10584   0.01261   0.00892   0.76547   1.79931   1.89690   2.19726   2.15449   2.17048  
  4 35900.6946  64381.282991  x:  0.74491   0.02823   0.06399   0.11620   0.13555   0.01920   0.05961   0.05187   0.01990   0.02073   0.03836   0.08123   0.11946   0.14973   0.00038   0.00208   0.26042   0.19186   0.16057   0.03850   0.12946   0.02404   0.11332   0.08186   0.04973   0.05187   0.00017   0.00630   0.04724   0.12801   0.10593   0.00810   0.00500   0.76769   1.80216   1.89570   2.19523   2.15413   2.16766  
  5 44307.5214  64337.949248  x:  0.74680   0.03205   0.06331   0.11589   0.13551   0.01989   0.05768   0.05021   0.01655   0.01771   0.03822   0.08311   0.12014   0.15009   0.00124   0.00259   0.26015   0.19195   0.16029   0.03921   0.13000   0.02515   0.11387   0.08129   0.04910   0.05081   0.00021   0.00000   0.04830   0.12847   0.10601   0.00442   0.00190   0.76958   1.80457   1.89469   2.19350   2.15382   2.16527  
  6 101084.0416  64297.163273  x:  0.75147   0.04047   0.06167   0.11529   0.13538   0.02116   0.05318   0.04644   0.00976   0.01163   0.03789   0.08746   0.12176   0.15093   0.00174   0.00318   0.25951   0.19211   0.15942   0.04072   0.13127   0.02737   0.11518   0.07994   0.04770   0.04840   0.00025   0.00000   0.05062   0.12956   0.10620   0.00133   0.00656   0.77424   1.81059   1.89215   2.18918   2.15305   2.15930  
  7 12182.0502  64271.384022  x:  0.75555   0.04741   0.06027   0.11481   0.13525   0.02209   0.04944   0.04336   0.00555   0.00771   0.03760   0.09111   0.12314   0.15164   0.00203   0.00358   0.25895   0.19224   0.15857   0.04193   0.13234   0.02907   0.11628   0.07880   0.04658   0.04642   0.00028   0.00000   0.05250   0.13049   0.10637   0.00483   0.00709   0.77832   1.81586   1.88994   2.18540   2.15239   2.15405  
  8 20284.6543  64122.427472  x:  0.78603   0.09223   0.05036   0.11204   0.13406   0.02581   0.02528   0.02442   0.02108   0.01169   0.03568   0.11582   0.13269   0.15661   0.00307   0.00520   0.25492   0.19287   0.15080   0.04877   0.13961   0.03781   0.12394   0.07089   0.03985   0.03388   0.00043   0.00000   0.06385   0.13691   0.10742   0.00858   0.01066   0.80880   1.85551   1.87321   2.15676   2.14748   2.11423  
  9 11419.8125  63603.735895  x:  0.95243   0.24460   0.01580   0.10385   0.12406   0.00763   0.07338   0.08728   0.00364   0.07039   0.03321   0.20222   0.16830   0.17504   0.00497   0.00844   0.23666   0.19154   0.08565   0.04901   0.16463   0.02845   0.15313   0.04517   0.04663   0.03842   0.00074   0.00000   0.08080   0.16126   0.10991   0.01352   0.01701   0.97520   2.07779   1.77845   1.99297   2.12117   1.88415  
 10 8317.4044  62976.731653  x:  1.13731   0.36748   0.05127   0.09610   0.11425   0.06255   0.12353   0.14219   0.04081   0.04016   0.04633   0.25926   0.18890   0.18393   0.00664   0.01119   0.22494   0.19108   0.00000   0.03105   0.17900   0.00520   0.17136   0.05536   0.06067   0.06505   0.00101   0.00000   0.07216   0.17544   0.10884   0.01912   0.02260   1.16008   2.33191   1.66745   1.79957   2.09231   1.60832  
 11 22963.8749  61752.574488  x:  1.47234   0.49742   0.11491   0.08747   0.09936   0.05029   0.18243   0.20190   0.08731   0.00000   0.04086   0.29035   0.18985   0.17579   0.00859   0.01446   0.21821   0.18531   0.00000   0.00282   0.18258   0.13764   0.17420   0.10624   0.07010   0.09719   0.00135   0.00000   0.02296   0.17528   0.10223   0.02578   0.02927   1.49511   2.80572   1.45231   1.42133   2.04223   1.05560  
 12 31667.2935  59685.881686  x:  1.79009   0.59732   0.20498   0.08017   0.08976   0.07372   0.21655   0.23192   0.09119   0.01950   0.04286   0.29498   0.17824   0.15912   0.01015   0.01712   0.21848   0.17920   0.00000   0.04003   0.17732   0.22661   0.16485   0.16301   0.07308   0.12423   0.00164   0.00000   0.00000   0.16617   0.09723   0.03022   0.03473   1.81287   3.26104   1.24217   1.04887   1.99485   0.50278  
 13 121908.8239  59685.881686  x:  1.79009   0.59732   0.20498   0.08017   0.08976   0.07372   0.21655   0.23192   0.09119   0.01950   0.04286   0.29498   0.17824   0.15912   0.01015   0.01712   0.21848   0.17920   0.00000   0.04003   0.17732   0.22661   0.16485   0.16301   0.07308   0.12423   0.00164   0.00000   0.00000   0.16617   0.09723   0.03022   0.03473   1.81287   3.26104   1.24217   1.04887   1.99485   0.50278  
 14 3655231.2241  59564.228462  x:  1.79010   0.59652   0.20421   0.07985   0.09026   0.07242   0.21510   0.23046   0.08962   0.01867   0.04248   0.29426   0.17810   0.15873   0.00896   0.01556   0.21876   0.17897   0.00000   0.04096   0.17703   0.22521   0.16432   0.16206   0.07232   0.12303   0.00000   0.00000   0.00988   0.16598   0.09762   0.02875   0.03310   1.81287   3.26129   1.24182   1.04783   1.99485   0.49952  
 15 17773.7974  59177.044698  x:  1.79017   0.59049   0.19838   0.07739   0.09402   0.06256   0.20417   0.21943   0.07777   0.01244   0.03963   0.28882   0.17708   0.15580   0.00000   0.00379   0.22090   0.17728   0.00000   0.04795   0.17483   0.21466   0.16033   0.15494   0.06665   0.11398   0.00359   0.00000   0.08368   0.16455   0.10059   0.01760   0.02081   1.81294   3.26317   1.23917   1.03996   1.99485   0.47490  
 16 543401.4116  59070.030625  x:  1.79019   0.58834   0.19631   0.07652   0.09536   0.05907   0.20028   0.21551   0.07357   0.01027   0.03862   0.28689   0.17672   0.15476   0.00404   0.00000   0.22166   0.17667   0.00000   0.05028   0.17403   0.21090   0.15892   0.15241   0.06464   0.11077   0.00480   0.00000   0.10890   0.16402   0.10161   0.01367   0.01647   1.81296   3.26383   1.23822   1.03716   1.99485   0.46613  
 17 307729.8944  58874.085617  x:  1.79026   0.58167   0.18996   0.07386   0.09942   0.04840   0.18833   0.20347   0.06074   0.00441   0.03570   0.28097   0.17567   0.15158   0.01305   0.02227   0.22402   0.17482   0.00000   0.05594   0.17141   0.19930   0.15462   0.14465   0.05858   0.10094   0.00805   0.00000   0.17636   0.16232   0.10446   0.00209   0.00354   1.81303   3.26589   1.23532   1.02852   1.99485   0.43893  
 18 107363.7061  57769.100672  x:  1.79055   0.54675   0.15899   0.06142   0.11798   0.00000   0.12862   0.14390   0.00333   0.04085   0.02912   0.25200   0.17225   0.13568   0.02259   0.04419   0.23620   0.16625   0.00000   0.04044   0.15321   0.13981   0.13519   0.10694   0.03457   0.05461   0.01183   0.00000   0.25706   0.15141   0.10938   0.10733   0.04344   1.81332   3.27621   1.22061   0.98350   1.99485   0.29140  
 19 14613.3532  55636.634897  x:  1.79101   0.49307   0.11425   0.04615   0.14509   0.03987   0.04457   0.05796   0.01601   0.05468   0.04998   0.21075   0.17284   0.11040   0.02658   0.05305   0.25655   0.15731   0.00000   0.00000   0.12611   0.04693   0.11121   0.05498   0.02665   0.00087   0.01359   0.00000   0.29762   0.13551   0.11224   0.15889   0.03483   1.81378   3.29217   1.19721   0.90964   1.99485   0.02326  
 20 24007.8612  55636.634897  x:  1.79101   0.49307   0.11425   0.04615   0.14509   0.03987   0.04457   0.05796   0.01601   0.05468   0.04998   0.21075   0.17284   0.11040   0.02658   0.05305   0.25655   0.15731   0.00000   0.00000   0.12611   0.04693   0.11121   0.05498   0.02665   0.00087   0.01359   0.00000   0.29762   0.13551   0.11224   0.15889   0.03483   1.81378   3.29217   1.19721   0.90964   1.99485   0.02326  
 21 85679.5295  55274.156540  x:  1.79102   0.49296   0.11435   0.04675   0.14572   0.03933   0.04495   0.05792   0.01580   0.05347   0.04989   0.21106   0.17369   0.10983   0.02485   0.05114   0.25736   0.15794   0.00000   0.00074   0.12625   0.04646   0.11155   0.05601   0.02999   0.06621   0.01131   0.00000   0.29632   0.13549   0.11215   0.15679   0.03293   1.81379   3.29230   1.19687   0.90832   1.99485   0.02760  
 22 86677.8695  55090.291482  x:  1.79107   0.49229   0.11474   0.04959   0.14873   0.03661   0.04671   0.05765   0.01483   0.04746   0.04940   0.21245   0.17781   0.10705   0.01622   0.04156   0.26130   0.16094   0.00000   0.00234   0.12687   0.04346   0.11320   0.05926   0.03523   0.06568   0.00000   0.00000   0.28984   0.13538   0.11176   0.14635   0.02352   1.81384   3.29296   1.19518   0.90177   1.99485   0.03453  
 23 7515.5494  54889.685550  x:  1.79116   0.49101   0.11548   0.05492   0.15438   0.03150   0.05002   0.05715   0.01301   0.03615   0.04848   0.21507   0.18556   0.10182   0.00000   0.02354   0.26870   0.16658   0.00000   0.00532   0.12803   0.03781   0.11631   0.06536   0.04505   0.06469   0.00030   0.00000   0.27765   0.13518   0.11103   0.12670   0.00581   1.81393   3.29421   1.19201   0.88946   1.99485   0.04719  
 24 41362.5323  54828.902694  x:  1.79119   0.49050   0.11567   0.05668   0.15631   0.02975   0.05109   0.05694   0.01262   0.03228   0.04817   0.21594   0.18825   0.10002   0.00178   0.01737   0.27125   0.16850   0.00000   0.00603   0.12844   0.03588   0.11736   0.06732   0.04799   0.06452   0.00034   0.00000   0.27330   0.13512   0.11080   0.11969   0.00000   1.81396   3.29466   1.19087   0.88504   1.99485   0.04827  
 25 25579.4918  54828.902694  x:  1.79119   0.49050   0.11567   0.05668   0.15631   0.02975   0.05109   0.05694   0.01262   0.03228   0.04817   0.21594   0.18825   0.10002   0.00178   0.01737   0.27125   0.16850   0.00000   0.00603   0.12844   0.03588   0.11736   0.06732   0.04799   0.06452   0.00034   0.00000   0.27330   0.13512   0.11080   0.11969   0.00000   1.81396   3.29466   1.19087   0.88504   1.99485   0.04827  
 26 25919.8023  54724.392361  x:  1.79122   0.48949   0.11544   0.05787   0.15807   0.02819   0.05157   0.05652   0.01407   0.02902   0.04798   0.21663   0.19092   0.09812   0.00507   0.01132   0.27377   0.17030   0.00000   0.00470   0.12896   0.03421   0.11813   0.06821   0.04761   0.06192   0.00000   0.00000   0.26797   0.13518   0.11092   0.11144   0.02266   1.81400   3.29528   1.18948   0.87947   1.99485   0.02826  
 27 10752.6244  54722.230171  x:  1.79123   0.48945   0.11543   0.05792   0.15815   0.02812   0.05159   0.05650   0.01413   0.02889   0.04797   0.21666   0.19103   0.09804   0.00520   0.01107   0.27388   0.17037   0.00000   0.00464   0.12899   0.03414   0.11816   0.06825   0.04760   0.06181   0.00007   0.00000   0.26775   0.13519   0.11092   0.11110   0.02360   1.81400   3.29531   1.18942   0.87924   1.99485   0.02744  
 28 3369147.5522  54617.247747  x:  1.79130   0.48809   0.11545   0.06072   0.16203   0.02557   0.05269   0.05598   0.01600   0.02335   0.04804   0.21862   0.19662   0.09408   0.00344   0.00000   0.27932   0.17429   0.00000   0.00377   0.12999   0.03135   0.11960   0.06987   0.04695   0.05709   0.00007   0.00000   0.25734   0.13516   0.11064   0.09427   0.02266   1.81407   3.29643   1.18670   0.86822   1.99485   0.02612  
 29 5774.5616  54280.458497  x:  1.79159   0.48269   0.11550   0.07183   0.17748   0.01552   0.05703   0.05390   0.02317   0.00171   0.04832   0.22644   0.21884   0.07835   0.00329   0.00080   0.30097   0.18987   0.00000   0.00058   0.13402   0.02039   0.12529   0.07628   0.04442   0.03850   0.00005   0.00000   0.21589   0.13507   0.10954   0.02728   0.01934   1.81436   3.30089   1.17586   0.82430   1.99485   0.02176  
 30 28166.9654  54160.707655  x:  1.79170   0.48066   0.11547   0.07587   0.18321   0.01219   0.05856   0.05332   0.02588   0.00378   0.04857   0.22937   0.22708   0.07255   0.00493   0.00066   0.30903   0.19566   0.00000   0.00060   0.13554   0.01685   0.12734   0.07854   0.04365   0.03227   0.00005   0.00000   0.20039   0.13505   0.10916   0.00239   0.01972   1.81447   3.30256   1.17177   0.80767   1.99485   0.02214  
 31 57295.9958  54090.365527  x:  1.79185   0.47781   0.11508   0.08070   0.19081   0.01077   0.06005   0.05296   0.02634   0.00155   0.04997   0.23348   0.23803   0.06530   0.00485   0.00053   0.31997   0.20335   0.00000   0.00758   0.13774   0.01660   0.12964   0.08086   0.04393   0.03010   0.00007   0.00000   0.17912   0.13502   0.10892   0.00025   0.02650   1.81462   3.30499   1.16594   0.78326   1.99485   0.02958  
 32 6842.6019  53839.523124  x:  1.79257   0.46439   0.11367   0.10434   0.22690   0.00000   0.06782   0.05076   0.03282   0.00226   0.05507   0.25268   0.29002   0.03045   0.00202   0.00105   0.37161   0.23980   0.00000   0.02465   0.14782   0.00878   0.14108   0.09274   0.04340   0.01185   0.00011   0.00000   0.07885   0.13485   0.10746   0.00755   0.03754   1.81534   3.31629   1.13875   0.67016   1.99485   0.04015  
 33 61733.1731  53626.811405  x:  1.79304   0.45512   0.11195   0.11860   0.25013   0.00502   0.07184   0.05032   0.03250   0.00205   0.06017   0.26535   0.32351   0.01255   0.00769   0.00033   0.40519   0.26314   0.00000   0.03951   0.15435   0.01212   0.14762   0.09917   0.04551   0.02206   0.00010   0.00000   0.01449   0.13486   0.10675   0.00826   0.03453   1.81582   3.32399   1.12040   0.59206   1.99485   0.03566  
 34 40563.2519  53569.562824  x:  1.79318   0.45243   0.11120   0.12219   0.25642   0.00449   0.07239   0.05038   0.03128   0.00312   0.06130   0.26897   0.33272   0.01580   0.00224   0.00119   0.41453   0.26949   0.00000   0.04658   0.15604   0.01386   0.14900   0.10030   0.04613   0.02307   0.00009   0.00000   0.00257   0.13509   0.10691   0.00761   0.03377   1.81595   3.32626   1.11505   0.56840   1.99485   0.03284  
 35 17814.7526  53486.663186  x:  1.79335   0.44913   0.11029   0.12682   0.26440   0.00244   0.07309   0.05033   0.03030   0.00292   0.06241   0.27349   0.34433   0.01771   0.00514   0.00080   0.42639   0.27759   0.00000   0.05528   0.15812   0.01436   0.15072   0.10172   0.04651   0.02143   0.00009   0.00000   0.00000   0.13557   0.10735   0.00794   0.03194   1.81613   3.32913   1.10824   0.53822   1.99485   0.03048  
 36 15949.7796  53486.663186  x:  1.79335   0.44913   0.11029   0.12682   0.26440   0.00244   0.07309   0.05033   0.03030   0.00292   0.06241   0.27349   0.34433   0.01771   0.00514   0.00080   0.42639   0.27759   0.00000   0.05528   0.15812   0.01436   0.15072   0.10172   0.04651   0.02143   0.00009   0.00000   0.00000   0.13557   0.10735   0.00794   0.03194   1.81613   3.32913   1.10824   0.53822   1.99485   0.03048  
 37 97845.9850  53348.863582  x:  1.79337   0.44883   0.10975   0.12629   0.26441   0.00499   0.07224   0.05097   0.02905   0.01908   0.06263   0.27370   0.34439   0.02382   0.00706   0.00750   0.42677   0.27762   0.00000   0.05726   0.15794   0.01615   0.15002   0.10069   0.04710   0.02643   0.01597   0.00000   0.02501   0.13606   0.10801   0.00654   0.02762   1.81614   3.32944   1.10752   0.53348   1.99485   0.02318  
 38 19377.3069  53213.397543  x:  1.79340   0.44767   0.10812   0.12472   0.26465   0.00992   0.06952   0.05190   0.02248   0.02270   0.06277   0.27454   0.34472   0.03797   0.00173   0.00086   0.42841   0.27789   0.00000   0.05753   0.15693   0.02012   0.14761   0.09700   0.04845   0.03824   0.00255   0.00000   0.03914   0.13670   0.10898   0.00369   0.01349   1.81617   3.33053   1.10501   0.51698   1.99485   0.03064  
 39 6325.3515  53191.240896  x:  1.79341   0.44748   0.10786   0.12447   0.26468   0.01055   0.06911   0.05202   0.02153   0.02287   0.06276   0.27465   0.34476   0.03981   0.00243   0.00144   0.42866   0.27792   0.00000   0.05747   0.15677   0.02064   0.14724   0.09644   0.04861   0.03977   0.00011   0.00000   0.04070   0.13678   0.10911   0.00370   0.01152   1.81618   3.33070   1.10462   0.51442   1.99485   0.03082  
 40 25911.5148  53136.302329  x:  1.79343   0.44631   0.10635   0.12300   0.26477   0.01307   0.06681   0.05246   0.01635   0.01791   0.06242   0.27524   0.34490   0.04789   0.00518   0.00097   0.43003   0.27808   0.00000   0.05612   0.15579   0.02282   0.14519   0.09325   0.04920   0.04642   0.00134   0.00000   0.04096   0.13712   0.10965   0.00658   0.00184   1.81621   3.33169   1.10237   0.49963   1.99485   0.02950  
 41 9395.3484  53077.423820  x:  1.79347   0.44464   0.10418   0.12091   0.26484   0.01584   0.06373   0.05301   0.01109   0.01312   0.06171   0.27597   0.34499   0.05704   0.00377   0.00000   0.43194   0.27828   0.00000   0.05412   0.15443   0.02514   0.14242   0.08893   0.04965   0.05366   0.00053   0.00000   0.04198   0.13761   0.11037   0.01126   0.00338   1.81624   3.33310   1.09917   0.47860   1.99485   0.02371  
 42 11915.3595  53049.091467  x:  1.79350   0.44325   0.10239   0.11918   0.26493   0.01801   0.06121   0.05346   0.00760   0.00930   0.06108   0.27661   0.34508   0.06440   0.00086   0.00303   0.43358   0.27848   0.00000   0.05239   0.15329   0.02695   0.14012   0.08536   0.04995   0.05939   0.00085   0.00000   0.04202   0.13801   0.11095   0.01391   0.00503   1.81627   3.33428   1.09648   0.46083   1.99485   0.02231  
 43 51618.7262  52883.493838  x:  1.79370   0.43427   0.09081   0.10807   0.26553   0.02860   0.04597   0.05619   0.00869   0.00193   0.05602   0.28065   0.34548   0.10302   0.01440   0.00429   0.44451   0.27996   0.00000   0.04064   0.14598   0.03549   0.12583   0.06324   0.05020   0.08768   0.00629   0.00000   0.03918   0.14053   0.11445   0.02206   0.02417   1.81648   3.34203   1.07852   0.34218   1.99485   0.03379  
 44 21388.1037  52482.161938  x:  1.79412   0.41537   0.06677   0.08498   0.26649   0.04688   0.01666   0.06126   0.01726   0.02209   0.04486   0.28849   0.34579   0.17497   0.02675   0.00763   0.46690   0.28287   0.00000   0.01507   0.13124   0.05050   0.09767   0.02020   0.04963   0.13901   0.01235   0.00000   0.00814   0.14524   0.12097   0.03705   0.04535   1.81689   3.35807   1.04120   0.09458   1.99485   0.03963  
 45 80939.4283  52368.000237  x:  1.79421   0.41134   0.06180   0.08021   0.26657   0.04893   0.01632   0.06228   0.02134   0.02163   0.04244   0.28982   0.34551   0.18564   0.02782   0.00805   0.47152   0.28348   0.00000   0.01439   0.12916   0.05267   0.09407   0.01799   0.04932   0.14561   0.01298   0.00000   0.00504   0.14658   0.12260   0.03561   0.04735   1.81698   3.36141   1.03313   0.03982   1.99485   0.03828  
 46 43168.4282  52361.316139  x:  1.79429   0.40709   0.05717   0.07577   0.26677   0.04772   0.01677   0.06207   0.02103   0.02326   0.04041   0.29103   0.34492   0.18871   0.02840   0.00824   0.47660   0.28435   0.00000   0.01728   0.13016   0.05501   0.09572   0.02381   0.05041   0.14770   0.01323   0.00000   0.00349   0.15047   0.12648   0.03990   0.04843   1.81706   3.36470   1.02409   0.03847   1.99485   0.03996  
 47 849.6166  52337.949581  x:  1.79467   0.38696   0.03642   0.05580   0.26749   0.03859   0.02275   0.05994   0.02806   0.02302   0.03276   0.29586   0.34134   0.19248   0.02642   0.00858   0.50001   0.28838   0.00000   0.01847   0.13495   0.05858   0.10189   0.01844   0.04995   0.14724   0.01250   0.00000   0.00513   0.16741   0.14270   0.05162   0.04665   1.81744   3.38012   0.98097   0.03672   1.99485   0.04221  
 48 2306.4932  52322.180961  x:  1.79494   0.37240   0.02425   0.04371   0.26820   0.03535   0.01559   0.05754   0.03088   0.02148   0.03404   0.29887   0.33825   0.19416   0.02566   0.00857   0.51677   0.29167   0.00000   0.01283   0.13754   0.05916   0.10571   0.02055   0.04947   0.14538   0.01224   0.00000   0.00626   0.17696   0.15114   0.04970   0.04568   1.81771   3.39147   0.94835   0.03633   1.99485   0.04100  
 49 3645.9227  52303.391384  x:  1.79529   0.35291   0.01320   0.03148   0.26974   0.03759   0.02012   0.05651   0.02805   0.02186   0.04286   0.30286   0.33389   0.19911   0.02725   0.00851   0.53956   0.29684   0.00000   0.00750   0.13951   0.05932   0.10726   0.02060   0.04884   0.14463   0.01291   0.00000   0.00397   0.18658   0.15890   0.04206   0.04741   1.81807   3.40723   0.90210   0.03740   1.99485   0.03945  
 50 4640.2926  52285.953615  x:  1.79565   0.33360   0.00831   0.02329   0.27177   0.03868   0.01775   0.05594   0.02420   0.02234   0.05012   0.30685   0.32936   0.20205   0.02864   0.00837   0.56276   0.30264   0.00000   0.01492   0.14076   0.05852   0.10642   0.01661   0.04770   0.14177   0.01345   0.00000   0.00145   0.19435   0.16474   0.03565   0.04874   1.81842   3.42353   0.85363   0.03786   1.99485   0.03836  
 51 7048.0489  52190.303266  x:  1.79736   0.24003   0.02603   0.00990   0.28510   0.03328   0.01608   0.06013   0.00572   0.02646   0.06686   0.32758   0.30705   0.20588   0.03013   0.00751   0.68038   0.33440   0.00000   0.01313   0.13831   0.04972   0.09341   0.01737   0.04530   0.11811   0.01347   0.00000   0.00358   0.22151   0.18244   0.03963   0.04886   1.82013   3.50846   0.60050   0.03315   1.99485   0.04363  
 52 6917.8203  52052.372566  x:  1.79964   0.12200   0.05074   0.00524   0.30313   0.03393   0.01464   0.06797   0.01805   0.02372   0.08677   0.35424   0.27838   0.22841   0.02819   0.00792   0.83288   0.37540   0.00000   0.01371   0.13291   0.04360   0.07612   0.02013   0.04609   0.10217   0.01293   0.00000   0.00343   0.25125   0.20048   0.04306   0.04699   1.82242   3.62016   0.26443   0.03526   1.99485   0.04027  
 53 34941.2861  52031.810298  x:  1.80059   0.10978   0.05173   0.01024   0.30619   0.03125   0.01470   0.06760   0.01630   0.02396   0.08487   0.35818   0.27339   0.23418   0.02888   0.00787   0.85854   0.38203   0.00000   0.01306   0.13296   0.04301   0.08052   0.01919   0.04597   0.09943   0.01319   0.00000   0.00258   0.25495   0.20261   0.04043   0.04766   1.82336   3.63922   0.20472   0.03531   1.99485   0.03962  
 54 10394.4307  52012.860200  x:  1.80116   0.10620   0.05231   0.01109   0.30742   0.03024   0.01476   0.06736   0.01573   0.02401   0.08407   0.35964   0.27135   0.23664   0.02911   0.00785   0.86872   0.38471   0.01277   0.01285   0.13290   0.04271   0.08182   0.01893   0.04584   0.09811   0.01328   0.00000   0.00229   0.25601   0.20307   0.03947   0.04789   1.82393   3.64679   0.18212   0.03541   1.99485   0.03934  
 55 9122.9633  52008.944586  x:  1.80494   0.10316   0.05569   0.00594   0.30967   0.02653   0.01550   0.06583   0.01508   0.02371   0.07758   0.36091   0.26847   0.24435   0.02968   0.00781   0.88233   0.38841   0.01290   0.01253   0.13213   0.04272   0.08105   0.01914   0.04524   0.09438   0.01352   0.00000   0.00155   0.25243   0.19957   0.03519   0.04844   1.82771   3.65658   0.17757   0.03697   1.99480   0.03799  
 56 434.7992  51999.021275  x:  1.81992   0.09033   0.05228   0.01240   0.31794   0.02282   0.01678   0.05740   0.01442   0.02336   0.07072   0.36617   0.25876   0.26426   0.03012   0.00775   0.93117   0.40065   0.01486   0.01263   0.13192   0.04197   0.08101   0.01984   0.04339   0.07722   0.01368   0.00000   0.00125   0.24340   0.19169   0.03197   0.04874   1.84269   3.69115   0.18426   0.03920   1.99460   0.03649  
 57 1046.3851  51987.167390  x:  1.84122   0.09449   0.04822   0.00773   0.32991   0.02654   0.01647   0.05815   0.01646   0.02300   0.07317   0.37286   0.24613   0.27809   0.02934   0.00779   1.00070   0.41850   0.01385   0.01402   0.13239   0.03927   0.08867   0.01975   0.04655   0.05960   0.01334   0.00000   0.00247   0.22821   0.17886   0.03646   0.04782   1.86400   3.74078   0.17388   0.04004   1.99430   0.03645  
 58 1628.5924  51957.497517  x:  1.90459   0.11537   0.04194   0.01080   0.36263   0.01399   0.01565   0.08016   0.01852   0.02112   0.07107   0.39231   0.21643   0.27773   0.02952   0.00766   1.19842   0.46437   0.01265   0.01359   0.14409   0.04399   0.08150   0.02107   0.04014   0.06574   0.01349   0.00000   0.00220   0.20435   0.16470   0.02766   0.04776   1.92736   3.88093   0.16362   0.04392   1.99340   0.03061  
 59 1965.2091  51938.062409  x:  1.94778   0.12368   0.05135   0.00978   0.38249   0.01861   0.01642   0.06833   0.02055   0.02003   0.06403   0.40467   0.20830   0.26527   0.03002   0.00765   1.32583   0.48872   0.01276   0.01368   0.14180   0.04277   0.09092   0.01831   0.05293   0.08221   0.01382   0.00000   0.00119   0.19410   0.16068   0.01976   0.04838   1.97056   3.97143   0.16439   0.04512   1.99281   0.02619  
 60 3028.7209  51931.095331  x:  1.96597   0.12894   0.05269   0.00833   0.38836   0.02329   0.01721   0.05759   0.02167   0.01960   0.06122   0.40822   0.21349   0.26028   0.02981   0.00764   1.37431   0.49422   0.01217   0.01437   0.13583   0.04360   0.09173   0.01947   0.04272   0.08787   0.01376   0.00000   0.00145   0.18930   0.15714   0.01878   0.04812   1.98875   4.00744   0.15943   0.04603   1.99259   0.02502  
 61 2213.2920  51921.606839  x:  1.99891   0.13141   0.04794   0.00911   0.38841   0.02432   0.01708   0.06352   0.02108   0.01878   0.05585   0.40756   0.25372   0.25633   0.02984   0.00746   1.43909   0.48461   0.01226   0.01505   0.12214   0.04507   0.08940   0.01958   0.04753   0.08678   0.01376   0.00000   0.00176   0.18416   0.14873   0.01354   0.04785   2.02169   4.06015   0.15593   0.04815   1.99227   0.02275  
 62 782.6516  51915.834714  x:  2.02328   0.12918   0.05481   0.00830   0.38528   0.02229   0.01676   0.06597   0.02191   0.01868   0.05875   0.40295   0.28229   0.25824   0.03001   0.00751   1.47710   0.47108   0.01269   0.01503   0.13639   0.04290   0.09626   0.01894   0.04445   0.08882   0.01386   0.00000   0.00139   0.17928   0.14397   0.01297   0.04815   2.04606   4.09415   0.15592   0.04811   1.99206   0.02197  
 63 910.6700  51914.253819  x:  2.03213   0.13109   0.05546   0.00835   0.38285   0.01925   0.01720   0.06128   0.02216   0.01869   0.06131   0.39885   0.28574   0.25910   0.02996   0.00752   1.48638   0.46445   0.01235   0.01505   0.14086   0.04407   0.09233   0.01900   0.04758   0.08815   0.01385   0.00000   0.00154   0.17715   0.14405   0.01313   0.04814   2.05490   4.10346   0.15201   0.04805   1.99200   0.02197  
 64 434.6662  51908.260689  x:  2.07984   0.13090   0.06532   0.00889   0.36398   0.01576   0.01700   0.06380   0.02288   0.01865   0.06800   0.36588   0.26965   0.26433   0.02995   0.00762   1.51284   0.42076   0.01214   0.01560   0.13244   0.04372   0.09464   0.01873   0.04691   0.08627   0.01388   0.00000   0.00112   0.17683   0.15697   0.01346   0.04828   2.10261   4.13703   0.14452   0.04830   1.99176   0.02247  
 65 289.9560  51905.965253  x:  2.10143   0.12759   0.06462   0.00913   0.35489   0.02254   0.01676   0.06556   0.02235   0.01872   0.06274   0.34983   0.25986   0.26175   0.02993   0.00762   1.52034   0.40384   0.01219   0.01567   0.13506   0.04305   0.09278   0.01899   0.04755   0.08691   0.01386   0.00000   0.00122   0.18079   0.14980   0.01361   0.04824   2.12420   4.15100   0.14108   0.04850   1.99167   0.02307  
 66 479.9509  51905.552144  x:  2.10661   0.12556   0.06409   0.00898   0.35298   0.01989   0.01692   0.06523   0.02238   0.01882   0.06445   0.34655   0.25889   0.26091   0.02992   0.00764   1.51896   0.40525   0.01231   0.01588   0.13370   0.04407   0.09421   0.01883   0.04767   0.08876   0.01385   0.00000   0.00138   0.18117   0.14596   0.01419   0.04827   2.12938   4.15298   0.14092   0.04835   1.99164   0.02335  
 67 105.3946  51903.061653  x:  2.14720   0.12126   0.06563   0.00965   0.34267   0.01994   0.01681   0.06544   0.02282   0.01883   0.06553   0.32854   0.26176   0.26228   0.02990   0.00769   1.49668   0.44031   0.01234   0.01556   0.13334   0.04391   0.09464   0.01864   0.04789   0.08859   0.01386   0.00000   0.00108   0.18888   0.14976   0.01456   0.04830   2.16997   4.16988   0.13491   0.04802   1.99146   0.02350  
 68 124.0288  51902.400759  x:  2.15781   0.11716   0.06338   0.00945   0.34438   0.02110   0.01676   0.06620   0.02249   0.01888   0.06402   0.32931   0.26191   0.25989   0.02989   0.00767   1.49019   0.44502   0.01262   0.01555   0.13398   0.04477   0.09504   0.01860   0.04800   0.08983   0.01385   0.00000   0.00125   0.18110   0.15259   0.01460   0.04828   2.18058   4.16977   0.13396   0.04800   1.99139   0.02368  
 69 102.8040  51899.835905  x:  2.19388   0.11242   0.06062   0.00869   0.36890   0.01846   0.01696   0.06668   0.02240   0.01887   0.06511   0.35969   0.25861   0.25993   0.02989   0.00763   1.46129   0.44463   0.01290   0.01603   0.13344   0.03775   0.09480   0.01925   0.04813   0.09151   0.01383   0.00000   0.00140   0.18221   0.15219   0.01449   0.04818   2.21665   4.17592   0.12865   0.04802   1.99103   0.02354  
 70 98.2633  51898.310259  x:  2.21475   0.10983   0.06170   0.00814   0.38330   0.01881   0.01675   0.06734   0.02248   0.01879   0.06608   0.37843   0.25660   0.25888   0.02991   0.00760   1.44442   0.44395   0.01315   0.01559   0.13390   0.04524   0.09623   0.01851   0.04801   0.08924   0.01384   0.00000   0.00131   0.18477   0.15186   0.01373   0.04816   2.23752   4.17911   0.12625   0.04773   1.99081   0.02321  
 71 748.5241  51889.662445  x:  2.22357   0.10484   0.05923   0.00658   0.34152   0.01906   0.01692   0.06866   0.02090   0.01890   0.06554   0.42987   0.24167   0.25149   0.03002   0.00746   1.38160   0.43727   0.01364   0.01609   0.13307   0.05522   0.10012   0.01770   0.04937   0.09014   0.01383   0.00000   0.00185   0.16697   0.15543   0.01163   0.04814   2.24633   4.24701   0.12950   0.04771   1.98901   0.02383  
 72 32.3695  51734.821729  x:  2.27884   0.10219   0.06251   0.00896   0.33485   0.01517   0.01943   0.06857   0.01932   0.01775   0.07406   0.36828   0.21376   0.25302   0.02990   0.00716   1.18487   0.43939   0.01508   0.01843   0.14113   0.04727   0.10244   0.02196   0.04812   0.08036   0.01355   0.00000   0.00343   0.19271   0.16712   0.00000   0.04687   2.30152   4.25946   0.13468   0.04216   1.96427   0.02226  
 73 27.2096  51716.700067  x:  2.26999   0.09458   0.05563   0.00572   0.41829   0.01374   0.01991   0.06923   0.01722   0.01820   0.07423   0.29796   0.21554   0.24560   0.02984   0.00709   1.10687   0.42719   0.01580   0.01867   0.14009   0.05687   0.10562   0.02145   0.04963   0.08127   0.01344   0.00000   0.00397   0.18332   0.17627   0.00013   0.04657   2.29267   4.33157   0.14182   0.04087   1.95750   0.02350  
 74 34.0911  51548.053868  x:  2.44230   0.11850   0.07817   0.01681   0.19917   0.01515   0.02395   0.06804   0.02112   0.01573   0.08584   0.38697   0.18784   0.25413   0.02659   0.00681   0.89181   0.44906   0.01503   0.02273   0.15537   0.02265   0.10247   0.03068   0.04510   0.05870   0.01161   0.00000   0.00509   0.24730   0.17529   0.00152   0.03988   2.46497   4.18121   0.13330   0.03549   1.89180   0.02086  
 75 54.5206  51386.028059  x:  2.60115   0.12823   0.07420   0.01899   0.26169   0.01491   0.02961   0.06725   0.01676   0.01494   0.09159   0.27368   0.19820   0.22198   0.02234   0.00595   0.47579   0.41704   0.01577   0.02739   0.16618   0.02593   0.11116   0.03759   0.04573   0.04176   0.00923   0.00000   0.00781   0.26549   0.19826   0.00089   0.03163   2.62375   4.25591   0.14418   0.03019   1.73427   0.02352  
 76  4.0465  51209.361741  x:  2.94065   0.17222   0.07604   0.03090   0.31850   0.01997   0.03750   0.06257   0.01930   0.01136   0.08516   0.13446   0.24943   0.16112   0.01386   0.00457   0.77123   0.36264   0.01599   0.03269   0.17928   0.03399   0.12439   0.04747   0.04496   0.03559   0.00514   0.00000   0.01162   0.24425   0.19327   0.00067   0.01743   2.96323   4.24187   0.14174   0.03580   1.79740   0.01861  
 77  2.5992  51083.904277  x:  3.16288   0.21975   0.05904   0.03892   0.33198   0.02409   0.04428   0.05438   0.01592   0.01116   0.06965   0.29312   0.31959   0.08785   0.00682   0.00287   0.78874   0.31526   0.01362   0.03767   0.18329   0.04004   0.13508   0.05454   0.04731   0.04458   0.00191   0.00000   0.01301   0.21792   0.17317   0.00118   0.00688   3.18547   4.23750   0.13170   0.04102   1.65030   0.02161  
 78  1.2180  51002.854204  x:  3.22109   0.25492   0.04813   0.04832   0.29409   0.01106   0.05205   0.04530   0.01474   0.01359   0.06029   0.26611   0.29891   0.11262   0.00562   0.00262   0.75977   0.31232   0.01071   0.04497   0.17827   0.02763   0.14316   0.06310   0.04713   0.03580   0.00081   0.00000   0.01333   0.18357   0.14087   0.00156   0.00663   3.24431   4.28660   0.10386   0.02861   1.31471   0.02603  
 79  0.4963  50966.164835  x:  3.25845   0.26780   0.04835   0.05433   0.25207   0.01159   0.05594   0.05093   0.01401   0.01607   0.05697   0.22652   0.27254   0.12208   0.00588   0.00271   0.65289   0.34898   0.00939   0.05117   0.18406   0.01632   0.14957   0.07005   0.04882   0.04515   0.00025   0.00000   0.01473   0.17472   0.12655   0.00183   0.00820   3.28198   4.17453   0.09375   0.03841   0.99917   0.02898  
 80  0.6851  50943.035641  x:  3.33387   0.28029   0.05075   0.05832   0.27496   0.01313   0.05859   0.05649   0.01820   0.01671   0.05906   0.24269   0.23261   0.14159   0.00601   0.00299   0.63466   0.36356   0.00899   0.05540   0.18257   0.01488   0.15489   0.07544   0.04985   0.04391   0.00002   0.00000   0.01590   0.17138   0.12261   0.00198   0.00903   3.35744   4.15358   0.09965   0.03781   0.48457   0.02755  
 81  0.7754  50940.247602  x:  3.35208   0.28350   0.05161   0.05934   0.28112   0.01363   0.05928   0.05804   0.01934   0.01704   0.05971   0.24738   0.22184   0.14789   0.00639   0.00312   0.62976   0.36711   0.00886   0.05653   0.18211   0.01473   0.15634   0.07689   0.05016   0.04384   0.00027   0.00000   0.01617   0.17072   0.12194   0.00202   0.00983   3.37568   4.14736   0.10139   0.03768   0.32489   0.02722  
 82 10.4537  50932.766943  x:  3.40308   0.29137   0.05317   0.06132   0.27425   0.01434   0.06035   0.05776   0.01993   0.01745   0.05822   0.23936   0.22584   0.15064   0.00627   0.00314   0.61093   0.35471   0.00846   0.05767   0.18209   0.01697   0.15857   0.07877   0.04978   0.04369   0.00026   0.00000   0.01679   0.17233   0.12642   0.00209   0.00978   3.42672   4.14243   0.09934   0.03718   0.00010   0.02751  
 83  1.1327  50920.515306  x:  3.55468   0.31565   0.05784   0.06688   0.25426   0.01645   0.06342   0.05686   0.02171   0.01860   0.05400   0.21570   0.23873   0.15823   0.00589   0.00320   0.55804   0.31756   0.00688   0.06097   0.18197   0.02357   0.16481   0.08424   0.04866   0.04327   0.00026   0.00000   0.01861   0.17731   0.13990   0.00229   0.00958   3.57845   4.12865   0.09305   0.03560   0.30921   0.02830  
 84  7.1074  50909.899214  x:  3.77869   0.33466   0.05339   0.07375   0.27780   0.01628   0.06600   0.05422   0.02321   0.01908   0.05243   0.22190   0.24109   0.16507   0.00529   0.00310   0.60229   0.31970   0.00609   0.06508   0.17928   0.02037   0.16621   0.09042   0.04820   0.04449   0.00026   0.00000   0.02049   0.17265   0.13623   0.00260   0.00839   3.80271   4.09084   0.07849   0.03336   0.31629   0.02696  
 85  0.3481  50901.006161  x:  3.96657   0.35416   0.04552   0.08018   0.28144   0.01503   0.06726   0.05036   0.02165   0.01973   0.05151   0.21155   0.24516   0.16467   0.00474   0.00280   0.62764   0.31961   0.00523   0.06889   0.17563   0.01427   0.16349   0.09586   0.04898   0.04653   0.00027   0.00000   0.02266   0.17158   0.12945   0.00290   0.00682   3.99090   4.02082   0.08051   0.03329   0.26366   0.02695  
 86  0.3070  50892.174211  x:  4.25079   0.37109   0.04017   0.08781   0.26556   0.01736   0.06597   0.05420   0.01862   0.02058   0.05602   0.21702   0.23170   0.17438   0.00524   0.00252   0.63161   0.32410   0.00385   0.07178   0.17381   0.01822   0.15909   0.10054   0.04883   0.03864   0.00028   0.00000   0.02570   0.16930   0.12378   0.00338   0.00640   4.27527   3.92604   0.07044   0.03657   0.22648   0.02716  
 87  0.3429  50885.090400  x:  4.51031   0.37533   0.03755   0.09293   0.25535   0.01537   0.06333   0.05572   0.01618   0.02097   0.05911   0.21083   0.21456   0.17548   0.00636   0.00243   0.61403   0.32858   0.00307   0.07225   0.17268   0.02017   0.15411   0.10196   0.04962   0.04827   0.00028   0.00000   0.02839   0.17449   0.12813   0.00373   0.00709   4.53506   3.87901   0.06310   0.03460   0.20426   0.02711  
 88  0.3899  50877.110454  x:  4.71185   0.35829   0.04080   0.09204   0.25625   0.01482   0.05700   0.05556   0.01412   0.01974   0.05492   0.22712   0.23226   0.17986   0.00734   0.00233   0.59967   0.33085   0.00353   0.06812   0.17459   0.02109   0.14618   0.09711   0.04858   0.04844   0.00030   0.00000   0.03060   0.17891   0.13720   0.00399   0.00799   4.73693   3.83602   0.06395   0.03401   0.20426   0.02677  
 89  0.2106  50869.515496  x:  5.08438   0.34541   0.04672   0.09372   0.25502   0.01653   0.05166   0.05404   0.01483   0.01783   0.05077   0.21889   0.23049   0.18848   0.00684   0.00218   0.58004   0.31484   0.00365   0.06607   0.17570   0.01820   0.14067   0.09438   0.04756   0.04489   0.00032   0.00000   0.03434   0.17307   0.13622   0.00441   0.00719   5.11011   3.77581   0.05386   0.03296   0.17458   0.02722  
 90  0.4571  50864.385887  x:  5.26361   0.32765   0.05197   0.09194   0.25820   0.01744   0.04798   0.05482   0.01696   0.01601   0.05302   0.20466   0.21855   0.18916   0.00605   0.00218   0.58091   0.30836   0.00441   0.06322   0.17668   0.02090   0.14206   0.08960   0.04831   0.04488   0.00033   0.00000   0.03674   0.16094   0.12847   0.00455   0.00672   5.28987   3.77441   0.05407   0.03222   0.16374   0.02786  
 91  0.2658  50859.981478  x:  5.61017   0.31767   0.05302   0.09235   0.26867   0.01544   0.04695   0.05469   0.01856   0.01566   0.05428   0.20671   0.21471   0.19801   0.00591   0.00217   0.59324   0.32131   0.00490   0.06060   0.17689   0.02207   0.14962   0.08725   0.05032   0.04509   0.00035   0.00000   0.04105   0.16380   0.12647   0.00498   0.00698   5.63719   3.70177   0.04794   0.03429   0.16179   0.02833  
 92  0.2966  50855.653755  x:  5.80006   0.31245   0.04724   0.08965   0.26491   0.01805   0.04963   0.05665   0.01847   0.01639   0.05222   0.20642   0.21242   0.19993   0.00608   0.00221   0.58735   0.31974   0.00534   0.05743   0.17475   0.01849   0.16139   0.08514   0.05074   0.04580   0.00035   0.00000   0.04445   0.17343   0.12836   0.00528   0.00705   5.82774   3.66724   0.04836   0.03416   0.15816   0.02895  
 93  0.1700  50851.893081  x:  6.22492   0.30412   0.04075   0.08828   0.25479   0.01770   0.05111   0.05664   0.01744   0.01664   0.05337   0.20663   0.21378   0.20219   0.00629   0.00213   0.57958   0.31489   0.00600   0.05374   0.17316   0.01932   0.16761   0.08292   0.04964   0.04665   0.00036   0.00000   0.05024   0.16948   0.12725   0.00583   0.00633   6.25360   3.62908   0.04243   0.03219   0.16191   0.02896  
 94  0.4765  50849.781182  x:  6.33685   0.29640   0.03955   0.08298   0.25336   0.01456   0.05414   0.05289   0.01684   0.01704   0.05437   0.21065   0.21446   0.19978   0.00645   0.00218   0.58572   0.31939   0.00712   0.05040   0.17412   0.02184   0.16808   0.08094   0.04843   0.04568   0.00036   0.00000   0.05242   0.16365   0.12890   0.00596   0.00595   6.36601   3.64213   0.04294   0.03230   0.19797   0.02832  
 95  0.1291  50847.429737  x:  6.63152   0.28826   0.04469   0.07427   0.25817   0.01793   0.05718   0.05289   0.01683   0.01768   0.05529   0.20623   0.21545   0.19919   0.00661   0.00230   0.59341   0.32286   0.00847   0.04546   0.17536   0.02031   0.16222   0.07937   0.04863   0.04405   0.00036   0.00000   0.05676   0.16189   0.13219   0.00630   0.00614   6.66135   3.62331   0.03991   0.03271   0.22005   0.02804  
 96  0.2059  50846.112658  x:  6.64486   0.29716   0.04770   0.06972   0.26260   0.01612   0.05982   0.05517   0.01692   0.01858   0.05469   0.20563   0.21427   0.19784   0.00649   0.00239   0.58791   0.31643   0.00864   0.04530   0.17592   0.01999   0.15505   0.08182   0.04956   0.04495   0.00035   0.00000   0.05747   0.16469   0.12862   0.00636   0.00644   6.67473   3.63416   0.04047   0.03303   0.20798   0.02814  
 97  0.0194  50845.701968  x:  6.76826   0.29824   0.04826   0.06773   0.26006   0.01570   0.05982   0.05465   0.01715   0.01858   0.05310   0.20763   0.21344   0.19901   0.00619   0.00239   0.58342   0.32125   0.00883   0.04409   0.17500   0.02112   0.15429   0.08196   0.04947   0.04537   0.00035   0.00000   0.05936   0.16567   0.12743   0.00656   0.00610   6.79846   3.63075   0.03910   0.03276   0.18699   0.02830  
 98  0.1242  50845.135749  x:  6.83648   0.30223   0.04871   0.06474   0.25800   0.01628   0.05797   0.05431   0.01739   0.01835   0.05464   0.21152   0.21757   0.20090   0.00578   0.00240   0.58315   0.32146   0.00894   0.04308   0.17290   0.02148   0.15403   0.08247   0.04907   0.04580   0.00034   0.00000   0.06103   0.16520   0.12749   0.00673   0.00584   6.86696   3.65031   0.03928   0.03252   0.12382   0.02864  
 99  0.0499  50844.696053  x:  6.92271   0.30456   0.04819   0.06271   0.26021   0.01624   0.05646   0.05400   0.01700   0.01833   0.05410   0.20953   0.21135   0.20478   0.00580   0.00243   0.58389   0.31578   0.00935   0.04224   0.17273   0.02084   0.15485   0.08308   0.04899   0.04536   0.00033   0.00000   0.06300   0.16467   0.12833   0.00690   0.00589   6.95343   3.66160   0.03866   0.03303   0.06977   0.02884  
100  0.0994  50844.319445  x:  6.92574   0.30643   0.04732   0.06188   0.26499   0.01664   0.05604   0.05490   0.01674   0.01852   0.05364   0.20661   0.21245   0.20582   0.00609   0.00250   0.58872   0.32341   0.01026   0.04238   0.17476   0.02029   0.15656   0.08439   0.04932   0.04543   0.00032   0.00000   0.06386   0.16413   0.12836   0.00696   0.00614   6.95639   3.69152   0.03879   0.03311   0.09851   0.02841  
101  0.0231  50844.093838  x:  6.94716   0.30563   0.04884   0.06088   0.26235   0.01579   0.05530   0.05474   0.01695   0.01827   0.05461   0.20918   0.21569   0.20484   0.00602   0.00253   0.59028   0.32030   0.01132   0.04196   0.17596   0.01973   0.15707   0.08475   0.04926   0.04539   0.00031   0.00000   0.06487   0.16584   0.12751   0.00707   0.00593   6.97787   3.72056   0.03865   0.03300   0.10071   0.02823  
102  0.0211  50843.898572  x:  6.90792   0.30421   0.04887   0.06228   0.26067   0.01699   0.05519   0.05411   0.01690   0.01810   0.05302   0.21055   0.21476   0.20114   0.00597   0.00251   0.59002   0.32174   0.01231   0.04239   0.17567   0.01985   0.15678   0.08506   0.04919   0.04519   0.00030   0.00000   0.06491   0.16588   0.12651   0.00709   0.00585   6.93852   3.75165   0.03926   0.03315   0.08675   0.02842  
103  0.0289  50843.669885  x:  6.92963   0.30021   0.04804   0.06484   0.26364   0.01601   0.05615   0.05459   0.01696   0.01814   0.05476   0.21038   0.21535   0.19905   0.00614   0.00250   0.59039   0.32223   0.01383   0.04250   0.17457   0.01957   0.15657   0.08505   0.04919   0.04514   0.00030   0.00000   0.06585   0.16532   0.12710   0.00721   0.00602   6.96035   3.77042   0.03901   0.03338   0.07143   0.02865  
104  0.0190  50843.488421  x:  6.97989   0.29611   0.04780   0.06725   0.26269   0.01597   0.05681   0.05480   0.01719   0.01804   0.05372   0.20896   0.21519   0.20170   0.00628   0.00249   0.59357   0.32195   0.01568   0.04198   0.17442   0.01966   0.15598   0.08466   0.04911   0.04490   0.00030   0.00000   0.06745   0.16673   0.12865   0.00741   0.00586   7.01089   3.77487   0.03888   0.03326   0.07659   0.02846  
105  0.0254  50843.424898  x:  7.01138   0.29585   0.04741   0.06813   0.26202   0.01623   0.05670   0.05468   0.01716   0.01801   0.05375   0.20916   0.21537   0.20316   0.00627   0.00248   0.59262   0.32197   0.01640   0.04192   0.17440   0.01971   0.15561   0.08474   0.04916   0.04510   0.00030   0.00000   0.06833   0.16625   0.12772   0.00752   0.00578   7.04254   3.77453   0.03868   0.03327   0.05625   0.02848  
106  0.0561  50843.373616  x:  7.02353   0.29546   0.04713   0.06911   0.26154   0.01641   0.05671   0.05447   0.01709   0.01801   0.05404   0.20953   0.21526   0.20417   0.00626   0.00246   0.59144   0.32153   0.01702   0.04198   0.17470   0.01977   0.15533   0.08468   0.04923   0.04530   0.00030   0.00000   0.06881   0.16561   0.12664   0.00759   0.00573   7.05478   3.77042   0.03856   0.03331   0.06889   0.02848  
107  0.0331  50843.271826  x:  6.99618   0.29476   0.04796   0.07031   0.26172   0.01616   0.05625   0.05433   0.01693   0.01792   0.05468   0.20970   0.21285   0.20472   0.00605   0.00241   0.58895   0.32202   0.01921   0.04162   0.17568   0.01938   0.15470   0.08405   0.04925   0.04530   0.00030   0.00000   0.06956   0.16640   0.12715   0.00773   0.00569   7.02766   3.77428   0.03884   0.03327   0.05405   0.02865  
108  0.0105  50843.034525  x:  6.87726   0.29388   0.04794   0.07054   0.26234   0.01639   0.05683   0.05476   0.01652   0.01829   0.05348   0.21109   0.21541   0.20314   0.00582   0.00235   0.59467   0.31965   0.02400   0.04060   0.17744   0.01965   0.15603   0.08236   0.04905   0.04541   0.00031   0.00000   0.07014   0.16560   0.12784   0.00790   0.00600   6.90901   3.77850   0.03947   0.03314   0.04580   0.02866  
109  0.0437  50842.721151  x:  6.63078   0.29122   0.04730   0.07041   0.26154   0.01605   0.05759   0.05460   0.01669   0.01854   0.05432   0.20794   0.21654   0.20079   0.00569   0.00234   0.58852   0.32311   0.03004   0.04043   0.17664   0.01960   0.15734   0.08092   0.04889   0.04523   0.00033   0.00000   0.06936   0.16565   0.12722   0.00794   0.00584   6.66269   3.77682   0.04104   0.03333   0.04491   0.02820  
110  0.1179  50842.599261  x:  6.55650   0.28930   0.04695   0.07066   0.26148   0.01616   0.05742   0.05449   0.01679   0.01857   0.05436   0.20837   0.21635   0.20077   0.00576   0.00234   0.58926   0.32249   0.03274   0.04028   0.17563   0.01984   0.15697   0.08057   0.04902   0.04530   0.00033   0.00000   0.06951   0.16573   0.12686   0.00802   0.00585   6.58854   3.77854   0.04158   0.03341   0.03082   0.02820  
111  0.1387  50842.311991  x:  6.39137   0.28352   0.04619   0.07047   0.26204   0.01655   0.05650   0.05425   0.01715   0.01852   0.05426   0.21055   0.21552   0.20105   0.00614   0.00239   0.59383   0.32008   0.03793   0.04008   0.17238   0.02059   0.15539   0.08014   0.04949   0.04554   0.00034   0.00000   0.06931   0.16608   0.12624   0.00811   0.00586   6.42362   3.77707   0.04277   0.03358   0.03799   0.02820  
112  0.2926  50841.936558  x:  6.20443   0.27489   0.04596   0.06906   0.26280   0.01651   0.05573   0.05472   0.01714   0.01862   0.05361   0.20885   0.21609   0.19993   0.00626   0.00238   0.59083   0.32048   0.04761   0.03901   0.17248   0.02004   0.15448   0.08052   0.04936   0.04532   0.00035   0.00000   0.07085   0.16597   0.12704   0.00846   0.00532   6.23743   3.77650   0.04414   0.03341   0.02462   0.02869  
113  0.0991  50841.676639  x:  6.15563   0.26913   0.04647   0.06776   0.26254   0.01632   0.05581   0.05484   0.01711   0.01872   0.05355   0.20821   0.21639   0.19905   0.00640   0.00240   0.58854   0.32126   0.05185   0.03869   0.17442   0.01965   0.15482   0.08176   0.04908   0.04525   0.00035   0.00000   0.07178   0.16560   0.12758   0.00862   0.00505   6.18901   3.76535   0.04454   0.03321   0.03357   0.02892  
114  0.0675  50841.392549  x:  5.98528   0.25995   0.04735   0.06730   0.26090   0.01625   0.05657   0.05439   0.01718   0.01897   0.05412   0.20945   0.21623   0.19668   0.00661   0.00243   0.58740   0.32078   0.05995   0.03894   0.17691   0.01979   0.15620   0.08323   0.04890   0.04540   0.00036   0.00000   0.07234   0.16514   0.12730   0.00884   0.00518   6.01925   3.74103   0.04573   0.03312   0.02625   0.02895  
115  0.1531  50841.212192  x:  6.00027   0.25254   0.04766   0.06756   0.26198   0.01657   0.05659   0.05441   0.01723   0.01853   0.05405   0.21019   0.21616   0.19533   0.00647   0.00243   0.58867   0.31995   0.06200   0.03940   0.17621   0.01977   0.15583   0.08409   0.04923   0.04524   0.00035   0.00000   0.07272   0.16525   0.12681   0.00890   0.00528   6.03441   3.71744   0.04574   0.03305   0.03088   0.02861  
116  0.0161  50841.132407  x:  5.88397   0.24836   0.04770   0.06747   0.26216   0.01646   0.05615   0.05455   0.01715   0.01833   0.05387   0.20928   0.21703   0.19347   0.00624   0.00243   0.58886   0.32001   0.06630   0.03969   0.17501   0.01967   0.15572   0.08425   0.04934   0.04508   0.00035   0.00000   0.07264   0.16535   0.12701   0.00896   0.00537   5.91823   3.71470   0.04652   0.03304   0.02894   0.02856  
117  0.1369  50841.107280  x:  5.92369   0.24849   0.04767   0.06702   0.26174   0.01633   0.05609   0.05456   0.01705   0.01826   0.05386   0.20871   0.21713   0.19406   0.00611   0.00243   0.58842   0.32033   0.06637   0.03964   0.17457   0.01966   0.15563   0.08455   0.04929   0.04511   0.00035   0.00000   0.07318   0.16524   0.12717   0.00901   0.00542   5.95802   3.71732   0.04632   0.03304   0.02741   0.02866  
118  0.0581  50841.089821  x:  5.91892   0.24800   0.04757   0.06669   0.26151   0.01628   0.05624   0.05453   0.01698   0.01826   0.05392   0.20877   0.21708   0.19445   0.00603   0.00245   0.58826   0.32045   0.06735   0.03969   0.17439   0.01972   0.15575   0.08460   0.04919   0.04520   0.00034   0.00000   0.07340   0.16518   0.12725   0.00903   0.00547   5.95329   3.72072   0.04635   0.03306   0.02915   0.02870  
119  0.0056  50841.051929  x:  5.88648   0.24391   0.04729   0.06611   0.26193   0.01654   0.05685   0.05446   0.01696   0.01818   0.05396   0.20969   0.21636   0.19541   0.00597   0.00250   0.58810   0.32017   0.07090   0.03994   0.17462   0.01975   0.15577   0.08455   0.04912   0.04533   0.00032   0.00000   0.07373   0.16532   0.12704   0.00909   0.00539   5.92101   3.72368   0.04656   0.03308   0.02731   0.02875  
120  0.0133  50841.006205  x:  5.92762   0.24293   0.04771   0.06573   0.26180   0.01642   0.05696   0.05446   0.01693   0.01788   0.05394   0.20894   0.21636   0.19663   0.00598   0.00257   0.58895   0.32063   0.06984   0.04085   0.17501   0.01963   0.15558   0.08414   0.04929   0.04527   0.00030   0.00000   0.07259   0.16561   0.12710   0.00889   0.00543   5.96191   3.72364   0.04622   0.03304   0.02846   0.02874  
121  0.0211  50840.923147  x:  5.88610   0.23954   0.04779   0.06501   0.26207   0.01611   0.05644   0.05467   0.01669   0.01778   0.05389   0.20852   0.21730   0.19450   0.00601   0.00261   0.58842   0.32085   0.07631   0.04159   0.17496   0.01988   0.15561   0.08378   0.04914   0.04535   0.00027   0.00000   0.07221   0.16483   0.12757   0.00886   0.00535   5.92044   3.71965   0.04647   0.03299   0.02526   0.02882  
122  0.0088  50840.779520  x:  5.95990   0.23321   0.04797   0.06553   0.26195   0.01643   0.05648   0.05450   0.01703   0.01781   0.05381   0.20918   0.21696   0.19384   0.00616   0.00269   0.58671   0.31953   0.08645   0.04180   0.17461   0.01971   0.15607   0.08254   0.04912   0.04526   0.00023   0.00000   0.07324   0.16492   0.12720   0.00895   0.00539   5.99448   3.71302   0.04592   0.03303   0.02639   0.02881  
123  0.0348  50840.710082  x:  5.96917   0.22702   0.04775   0.06580   0.26132   0.01645   0.05658   0.05449   0.01724   0.01787   0.05386   0.20874   0.21640   0.19446   0.00611   0.00271   0.58640   0.31922   0.09313   0.04151   0.17467   0.01959   0.15620   0.08228   0.04933   0.04506   0.00022   0.00000   0.07387   0.16550   0.12686   0.00903   0.00544   6.00401   3.70994   0.04584   0.03302   0.02286   0.02888  
124  0.0084  50840.374627  x:  6.07913   0.20612   0.04545   0.06724   0.26055   0.01617   0.05630   0.05480   0.01769   0.01838   0.05417   0.20729   0.21509   0.19678   0.00576   0.00266   0.58888   0.31990   0.11275   0.04006   0.17563   0.01957   0.15599   0.08272   0.05000   0.04446   0.00025   0.00000   0.07359   0.16723   0.12623   0.00887   0.00560   6.11443   3.72219   0.04485   0.03299   0.02524   0.02891  
125  0.0323  50840.112783  x:  6.15028   0.18766   0.04487   0.06695   0.26076   0.01635   0.05578   0.05452   0.01730   0.01873   0.05392   0.20802   0.21579   0.19653   0.00580   0.00269   0.58643   0.31952   0.13350   0.04069   0.17599   0.01968   0.15504   0.08367   0.04943   0.04496   0.00023   0.00000   0.07170   0.16577   0.12717   0.00851   0.00559   6.18574   3.72468   0.04418   0.03306   0.02161   0.02908  
126  0.0654  50840.040548  x:  6.16334   0.18609   0.04577   0.06696   0.26076   0.01643   0.05578   0.05441   0.01707   0.01879   0.05385   0.20860   0.21595   0.19670   0.00588   0.00266   0.58604   0.31926   0.13525   0.04090   0.17555   0.01968   0.15498   0.08414   0.04910   0.04525   0.00024   0.00000   0.07099   0.16503   0.12757   0.00840   0.00556   6.19873   3.72431   0.04409   0.03309   0.02378   0.02904  
127  0.0219  50839.977049  x:  6.16584   0.17993   0.04766   0.06729   0.26029   0.01643   0.05611   0.05450   0.01691   0.01882   0.05386   0.20863   0.21523   0.19773   0.00594   0.00260   0.58567   0.31848   0.14280   0.04052   0.17436   0.01961   0.15568   0.08430   0.04903   0.04532   0.00026   0.00000   0.07125   0.16500   0.12747   0.00843   0.00552   6.20150   3.72448   0.04415   0.03311   0.02267   0.02906  
128  0.0054  50839.947496  x:  6.18294   0.17899   0.04779   0.06692   0.26128   0.01636   0.05632   0.05460   0.01688   0.01851   0.05384   0.20827   0.21564   0.19791   0.00598   0.00257   0.58522   0.31870   0.14406   0.04030   0.17458   0.01972   0.15614   0.08379   0.04946   0.04510   0.00028   0.00000   0.07116   0.16577   0.12703   0.00838   0.00554   6.21866   3.73273   0.04403   0.03310   0.02301   0.02909  
129  0.0100  50839.919029  x:  6.18707   0.17862   0.04705   0.06673   0.26069   0.01642   0.05635   0.05445   0.01692   0.01817   0.05390   0.20832   0.21551   0.19754   0.00609   0.00251   0.58539   0.31857   0.14635   0.04025   0.17487   0.01976   0.15577   0.08419   0.04931   0.04516   0.00030   0.00000   0.07114   0.16539   0.12724   0.00837   0.00555   6.22287   3.72803   0.04398   0.03309   0.02241   0.02913  
130  0.0028  50839.917444  x:  6.19072   0.17831   0.04701   0.06681   0.26068   0.01640   0.05640   0.05449   0.01700   0.01814   0.05388   0.20845   0.21538   0.19777   0.00608   0.00250   0.58535   0.31859   0.14667   0.04023   0.17485   0.01968   0.15572   0.08418   0.04924   0.04521   0.00031   0.00000   0.07118   0.16535   0.12731   0.00838   0.00557   6.22648   3.72869   0.04394   0.03311   0.02258   0.02912  
131  0.0047  50839.917215  x:  6.19324   0.17824   0.04705   0.06677   0.26065   0.01640   0.05640   0.05452   0.01701   0.01814   0.05387   0.20843   0.21536   0.19779   0.00608   0.00250   0.58537   0.31860   0.14671   0.04027   0.17484   0.01968   0.15574   0.08415   0.04923   0.04522   0.00031   0.00000   0.07117   0.16534   0.12733   0.00837   0.00557   6.22887   3.72890   0.04392   0.03311   0.02249   0.02912  
132  0.0010  50839.916931  x:  6.19572   0.17830   0.04706   0.06671   0.26068   0.01640   0.05639   0.05451   0.01700   0.01816   0.05387   0.20846   0.21538   0.19779   0.00609   0.00249   0.58545   0.31862   0.14654   0.04034   0.17485   0.01968   0.15575   0.08413   0.04924   0.04522   0.00031   0.00000   0.07120   0.16534   0.12732   0.00837   0.00557   6.23113   3.72988   0.04391   0.03311   0.02256   0.02912  
133  0.0015  50839.916850  x:  6.19434   0.17821   0.04704   0.06670   0.26069   0.01640   0.05639   0.05449   0.01700   0.01816   0.05387   0.20846   0.21538   0.19778   0.00609   0.00248   0.58540   0.31861   0.14660   0.04037   0.17485   0.01968   0.15573   0.08413   0.04924   0.04521   0.00031   0.00000   0.07120   0.16535   0.12731   0.00837   0.00557   6.22971   3.72895   0.04392   0.03311   0.02258   0.02912  
134  0.0023  50839.916844  x:  6.19424   0.17819   0.04704   0.06671   0.26070   0.01640   0.05639   0.05450   0.01700   0.01817   0.05387   0.20846   0.21538   0.19779   0.00609   0.00248   0.58540   0.31861   0.14666   0.04037   0.17485   0.01968   0.15573   0.08412   0.04924   0.04521   0.00031   0.00000   0.07120   0.16536   0.12731   0.00837   0.00557   6.22961   3.72907   0.04392   0.03311   0.02256   0.02912  
135  0.0002  50839.916843  x:  6.19388   0.17817   0.04704   0.06671   0.26069   0.01640   0.05639   0.05450   0.01700   0.01817   0.05387   0.20845   0.21537   0.19779   0.00609   0.00248   0.58540   0.31861   0.14669   0.04037   0.17485   0.01968   0.15573   0.08412   0.04924   0.04521   0.00031   0.00000   0.07119   0.16536   0.12731   0.00837   0.00557   6.22925   3.72897   0.04392   0.03311   0.02256   0.02912  
136  0.0009  50839.916841  x:  6.19354   0.17818   0.04704   0.06670   0.26069   0.01640   0.05639   0.05450   0.01700   0.01817   0.05387   0.20845   0.21538   0.19778   0.00609   0.00248   0.58539   0.31861   0.14667   0.04037   0.17485   0.01968   0.15573   0.08412   0.04924   0.04521   0.00031   0.00000   0.07119   0.16536   0.12731   0.00837   0.00557   6.22891   3.72895   0.04392   0.03311   0.02256   0.02912  
137  0.0003  50839.916841  x:  6.19353   0.17818   0.04704   0.06670   0.26069   0.01640   0.05639   0.05450   0.01700   0.01817   0.05387   0.20845   0.21538   0.19778   0.00609   0.00248   0.58539   0.31861   0.14667   0.04037   0.17485   0.01968   0.15573   0.08412   0.04924   0.04521   0.00031   0.00000   0.07119   0.16536   0.12731   0.00837   0.00557   6.22891   3.72895   0.04392   0.03311   0.02256   0.02912  
138  0.0001  50839.916841  x:  6.19353   0.17818   0.04704   0.06670   0.26069   0.01640   0.05639   0.05450   0.01700   0.01817   0.05387   0.20845   0.21538   0.19778   0.00609   0.00248   0.58539   0.31861   0.14667   0.04037   0.17485   0.01968   0.15573   0.08412   0.04924   0.04521   0.00031   0.00000   0.07119   0.16536   0.12731   0.00837   0.00557   6.22891   3.72895   0.04392   0.03311   0.02256   0.02912  
139  0.0001  50839.916840  x:  6.19339   0.17817   0.04703   0.06671   0.26069   0.01640   0.05639   0.05450   0.01700   0.01817   0.05387   0.20845   0.21537   0.19778   0.00609   0.00248   0.58539   0.31861   0.14669   0.04037   0.17485   0.01968   0.15573   0.08412   0.04924   0.04521   0.00031   0.00000   0.07119   0.16536   0.12731   0.00837   0.00557   6.22876   3.72895   0.04393   0.03311   0.02256   0.02912  
140  0.0028  50839.916833  x:  6.19241   0.17817   0.04703   0.06671   0.26069   0.01640   0.05639   0.05450   0.01700   0.01817   0.05387   0.20845   0.21538   0.19777   0.00608   0.00249   0.58540   0.31861   0.14669   0.04037   0.17485   0.01968   0.15573   0.08412   0.04924   0.04521   0.00031   0.00000   0.07120   0.16536   0.12731   0.00837   0.00557   6.22778   3.72895   0.04393   0.03311   0.02256   0.02912  
141  0.0002  50839.916826  x:  6.19292   0.17818   0.04704   0.06671   0.26069   0.01640   0.05639   0.05450   0.01700   0.01817   0.05387   0.20846   0.21538   0.19777   0.00608   0.00249   0.58540   0.31862   0.14667   0.04037   0.17485   0.01968   0.15573   0.08412   0.04924   0.04521   0.00031   0.00000   0.07121   0.16535   0.12731   0.00837   0.00557   6.22823   3.72895   0.04393   0.03311   0.02256   0.02912  
142  0.0003  50839.916824  x:  6.19337   0.17818   0.04704   0.06671   0.26069   0.01640   0.05639   0.05450   0.01700   0.01817   0.05387   0.20845   0.21538   0.19778   0.00608   0.00249   0.58539   0.31861   0.14667   0.04037   0.17485   0.01968   0.15573   0.08412   0.04924   0.04521   0.00031   0.00000   0.07121   0.16535   0.12731   0.00837   0.00557   6.22872   3.72895   0.04392   0.03311   0.02256   0.02912  
143  0.0004  50839.916818  x:  6.19289   0.17820   0.04704   0.06671   0.26069   0.01640   0.05639   0.05450   0.01700   0.01817   0.05387   0.20846   0.21537   0.19778   0.00608   0.00249   0.58539   0.31861   0.14667   0.04036   0.17484   0.01968   0.15573   0.08412   0.04924   0.04521   0.00031   0.00000   0.07122   0.16536   0.12731   0.00837   0.00557   6.22861   3.72895   0.04393   0.03311   0.02256   0.02912  
144  0.0001  50839.916811  x:  6.19200   0.17818   0.04704   0.06671   0.26069   0.01640   0.05639   0.05450   0.01700   0.01817   0.05387   0.20846   0.21538   0.19777   0.00609   0.00249   0.58540   0.31861   0.14667   0.04036   0.17485   0.01968   0.15573   0.08412   0.04924   0.04521   0.00031   0.00000   0.07123   0.16535   0.12731   0.00836   0.00557   6.22813   3.72895   0.04393   0.03311   0.02256   0.02912  
145  0.0005  50839.916811  x:  6.19215   0.17819   0.04704   0.06671   0.26069   0.01640   0.05639   0.05450   0.01700   0.01817   0.05387   0.20846   0.21538   0.19777   0.00609   0.00249   0.58540   0.31861   0.14666   0.04036   0.17485   0.01968   0.15573   0.08412   0.04924   0.04521   0.00031   0.00000   0.07123   0.16535   0.12731   0.00836   0.00557   6.22827   3.72895   0.04393   0.03311   0.02256   0.02912  
146  0.0002  50839.916811  x:  6.19221   0.17819   0.04704   0.06671   0.26069   0.01640   0.05639   0.05450   0.01700   0.01817   0.05387   0.20846   0.21538   0.19778   0.00609   0.00249   0.58540   0.31861   0.14666   0.04036   0.17485   0.01968   0.15573   0.08412   0.04924   0.04521   0.00031   0.00000   0.07123   0.16535   0.12731   0.00836   0.00557   6.22837   3.72895   0.04393   0.03311   0.02256   0.02912  
147  0.0000  50839.916811  x:  6.19218   0.17819   0.04704   0.06671   0.26069   0.01640   0.05639   0.05450   0.01700   0.01817   0.05387   0.20846   0.21538   0.19777   0.00609   0.00249   0.58540   0.31861   0.14666   0.04036   0.17485   0.01968   0.15573   0.08412   0.04924   0.04521   0.00031   0.00000   0.07123   0.16535   0.12731   0.00836   0.00557   6.22832   3.72895   0.04393   0.03311   0.02256   0.02912  