
BASEML (in paml version 4.9, March 2015)  cat_symb_genes_nonrecombonly.pml  REV  Global clock 
Nonhomo: 5  fix_kappa 0

Frequencies..
                                    T      C      A      G
Bathy                          0.28437 0.18594 0.30821 0.22148 GC = 0.407
R.fausta                       0.30253 0.17194 0.31791 0.20762 GC = 0.380
R.magnifica                    0.31345 0.16032 0.32742 0.19882 GC = 0.359
R.pacifica                     0.30249 0.17191 0.31794 0.20766 GC = 0.380
R.phaseoliformis               0.29905 0.17571 0.31499 0.21025 GC = 0.386
R.pliocardia                   0.30071 0.17406 0.31615 0.20908 GC = 0.383
R.rectimargo                   0.30252 0.17195 0.31791 0.20762 GC = 0.380
R.southwardae                  0.29891 0.17604 0.31461 0.21044 GC = 0.386
SUP05                          0.29061 0.18692 0.29831 0.22417 GC = 0.411
V.diagonalis                   0.32796 0.14323 0.34419 0.18463 GC = 0.328
V.extenta                      0.32796 0.14323 0.34419 0.18462 GC = 0.328
V.gigas1                       0.32692 0.14473 0.34257 0.18578 GC = 0.331
V.gigas2                       0.32692 0.14473 0.34258 0.18576 GC = 0.330
V.marissinica                  0.32741 0.14381 0.34378 0.18500 GC = 0.329
V.okutanii                     0.32667 0.14505 0.34157 0.18671 GC = 0.332
V.soyoae1                      0.32678 0.14485 0.34174 0.18663 GC = 0.331
V.soyoae2                      0.32677 0.14486 0.34174 0.18663 GC = 0.331

Homogeneity statistic: X2 = 0.06760 G = 0.06750 

Average                        0.31247 0.16055 0.32799 0.19899

# constant sites: 246268 (53.42%)
ln Lmax (unconstrained) = -2209590.032444

Distances: TN93 (kappa)  (alpha set at 0.00)
This matrix is not used in later m.l. analysis.

Bathy            
R.fausta           0.3300( 3.0180)
R.magnifica        0.3389( 3.0684)  0.1224(12.4275)
R.pacifica         0.3318( 3.0452)  0.0383(25.0103)  0.1256(12.9533)
R.phaseoliformis    0.3256( 2.9673)  0.0806(14.1865)  0.1167(12.8003)  0.0841(15.1841)
R.pliocardia       0.3282( 2.9004)  0.1069(10.9651)  0.1154(10.1375)  0.1103(11.5247)  0.0870(10.6399)
R.rectimargo       0.3300( 3.0188)  0.0003(14.0127)  0.1224(12.4245)  0.0383(24.9377)  0.0806(14.1784)  0.1069(10.9597)
R.southwardae      0.3243( 2.9495)  0.1005(13.7197)  0.1034(13.1308)  0.1036(14.4442)  0.0743(15.2147)  0.0667(10.0063)  0.1005(13.7133)
SUP05              0.3465( 2.6774)  0.3291( 2.9546)  0.3356( 2.9808)  0.3312( 2.9862)  0.3244( 2.9054)  0.3267( 2.8221)  0.3291( 2.9547)  0.3217( 2.8550)
V.diagonalis       0.3565( 3.0288)  0.1870( 8.0370)  0.1844( 7.5675)  0.1891( 8.1797)  0.1862( 7.9731)  0.1911( 7.2193)  0.1869( 8.0357)  0.1853( 7.9068)  0.3512( 2.9489)
V.extenta          0.3565( 3.0288)  0.1870( 8.0390)  0.1844( 7.5682)  0.1891( 8.1810)  0.1861( 7.9732)  0.1911( 7.2189)  0.1869( 8.0377)  0.1853( 7.9073)  0.3512( 2.9487)  0.0001( 5.7151)
V.gigas1           0.3554( 3.0283)  0.1869( 8.1570)  0.1842( 7.6821)  0.1889( 8.3033)  0.1856( 8.0697)  0.1905( 7.2839)  0.1869( 8.1554)  0.1844( 7.9974)  0.3511( 2.9593)  0.0507( 8.6860)  0.0507( 8.6833)
V.gigas2           0.3554( 3.0288)  0.1869( 8.1631)  0.1842( 7.6883)  0.1889( 8.3109)  0.1856( 8.0770)  0.1905( 7.2888)  0.1868( 8.1614)  0.1844( 8.0051)  0.3511( 2.9602)  0.0507( 8.7106)  0.0507( 8.7079)  0.0002( 4.5371)
V.marissinica      0.3566( 3.0125)  0.1884( 7.9264)  0.1858( 7.5155)  0.1904( 8.0740)  0.1875( 7.8725)  0.1923( 7.1309)  0.1884( 7.9259)  0.1865( 7.8101)  0.3525( 2.9447)  0.0502( 7.8763)  0.0502( 7.8742)  0.0524( 8.4839)  0.0524( 8.5063)
V.okutanii         0.3537( 3.0173)  0.1833( 8.3029)  0.1816( 7.8432)  0.1851( 8.4351)  0.1822( 8.2103)  0.1869( 7.4021)  0.1832( 8.2988)  0.1811( 8.1466)  0.3490( 2.9537)  0.0466( 8.7425)  0.0465( 8.7413)  0.0471( 9.5609)  0.0470( 9.5879)  0.0490( 8.5049)
V.soyoae1          0.3535( 3.0143)  0.1836( 8.2821)  0.1817( 7.8399)  0.1857( 8.4327)  0.1824( 8.2122)  0.1873( 7.3958)  0.1835( 8.2819)  0.1813( 8.1442)  0.3487( 2.9511)  0.0466( 8.6297)  0.0466( 8.6256)  0.0472( 9.4963)  0.0471( 9.5241)  0.0490( 8.3920)  0.0242(10.1182)
V.soyoae2          0.3534( 3.0144)  0.1835( 8.2860)  0.1816( 7.8399)  0.1856( 8.4350)  0.1824( 8.2133)  0.1873( 7.3967)  0.1835( 8.2858)  0.1813( 8.1458)  0.3487( 2.9512)  0.0465( 8.6348)  0.0465( 8.6306)  0.0471( 9.5075)  0.0471( 9.5354)  0.0490( 8.4029)  0.0242(10.1522)  0.0001( 4.9454)

TREE #  1:  ((((14, (11, 10)), ((17, 16), 15)), (13, 12)), (((8, 6), (((7, 2), 4), 5)), 3), (9, 1));  MP score: 397447.00
lnL(ntime: 15  np:176): -2405585.208301    +0.000000
  18..19   19..20   20..21   21..14   21..22   22..11   22..10   20..23   23..24   24..17   24..16   23..15   19..25   25..13   25..12   18..26   26..27   27..28   28..8    28..6    27..29   29..30   30..31   31..7    31..2    30..4    29..5    26..3    18..32   32..9    32..1  
 0.181180 0.029831 0.026718 0.023717 0.000034 0.013394 0.000079 0.000094 0.072459 0.055191 0.036883 0.041667 0.016692 0.000158 0.138006 1.715493 0.085928 0.120088 0.251512 0.076058 0.845017 0.036904 0.050732 0.085322 0.020428 1.071105 0.047547 0.121102 0.214741 0.034650 1.003964 0.059677 0.160570 0.287818 0.086219 1.020379 0.058317 0.136666 0.253166 0.148359 1.165040 0.000010 0.198086 0.518404 0.883288 1.359034 0.097092 0.323686 0.000010 0.358453 1.118484 0.039701 0.131906 0.245575 0.044744 1.122422 0.041226 0.147891 0.227065 0.061108 1.184522 0.124478 0.436471 0.110423 0.000010 1.247727 0.119998 0.000010 0.809603 0.431501 1.072126 0.035820 0.140191 0.231952 0.045772 1.193524 0.050820 0.165333 0.256727 0.054136 0.581908 0.000010 0.236120 0.061053 0.105417 0.916385 0.210426 0.355455 0.372314 0.780525 2.917461 0.078356 0.081318 0.227732 0.113738 0.918482 0.047195 0.072723 0.189271 0.076101 1.309623 0.035948 0.082059 0.161446 0.076262 1.295323 0.042100 0.070021 0.113337 0.069726 1.069178 0.051596 0.160595 0.318726 0.064010 1.237089 0.053877 0.079047 0.162500 0.105789 1.072330 0.052634 0.079948 0.159343 0.125848 1.033452 0.023739 0.036345 0.066611 0.109537 0.755665 0.048143 0.096941 0.120762 0.047921 0.767601 0.029106 0.000010 0.063525 0.174605 0.934899 0.012091 0.028427 0.056425 0.066230 1.257030 0.045103 0.065757 0.125765 0.062791 1.251085 0.046309 0.092484 0.158997 0.074234 0.000010 0.655091 0.350994 1.038470 0.608676 1.096223 0.384294 0.234999 0.661319 0.413096 1.011931 0.315049 0.249080 0.662584 0.386076 0.367528 0.169204 0.276872 0.296924 0.175868 0.325856

tree length =   0.99846

((((V.marissinica, (V.extenta, V.diagonalis)), ((V.soyoae2, V.soyoae1), V.okutanii)), (V.gigas2, V.gigas1)), (((R.southwardae, R.pliocardia), (((R.rectimargo, R.fausta), R.pacifica), R.phaseoliformis)), R.magnifica), (SUP05, Bathy));

((((V.marissinica: 0.023717, (V.extenta: 0.000034, V.diagonalis: 0.000034): 0.023683): 0.003001, ((V.soyoae2: 0.000079, V.soyoae1: 0.000079): 0.013315, V.okutanii: 0.013394): 0.013324): 0.003114, (V.gigas2: 0.000094, V.gigas1: 0.000094): 0.029738): 0.151348, (((R.southwardae: 0.036883, R.pliocardia: 0.036883): 0.018308, (((R.rectimargo: 0.000158, R.fausta: 0.000158): 0.016534, R.pacifica: 0.016692): 0.024975, R.phaseoliformis: 0.041667): 0.013524): 0.017268, R.magnifica: 0.072459): 0.108721, (SUP05: 0.138006, Bathy: 0.138006): 0.043174);

((((14_V.marissinica, (11_V.extenta, 10_V.diagonalis) 22 ) 21 , ((17_V.soyoae2, 16_V.soyoae1) 24 , 15_V.okutanii) 23 ) 20 , (13_V.gigas2, 12_V.gigas1) 25 ) 19 , (((8_R.southwardae, 6_R.pliocardia) 28 , (((7_R.rectimargo, 2_R.fausta) 31 , 4_R.pacifica) 30 , 5_R.phaseoliformis) 29 ) 27 , 3_R.magnifica) 26 , (9_SUP05, 1_Bathy) 32 ) 18 ;

Detailed output identifying parameters
kappa or abcde under REV:  1.71549  0.08593  0.12009  0.25151  0.07606  0.84502  0.03690  0.05073  0.08532  0.02043  1.07110  0.04755  0.12110  0.21474  0.03465  1.00396  0.05968  0.16057  0.28782  0.08622  1.02038  0.05832  0.13667  0.25317  0.14836  1.16504  0.00001  0.19809  0.51840  0.88329  1.35903  0.09709  0.32369  0.00001  0.35845  1.11848  0.03970  0.13191  0.24558  0.04474  1.12242  0.04123  0.14789  0.22707  0.06111  1.18452  0.12448  0.43647  0.11042  0.00001  1.24773  0.12000  0.00001  0.80960  0.43150  1.07213  0.03582  0.14019  0.23195  0.04577  1.19352  0.05082  0.16533  0.25673  0.05414  0.58191  0.00001  0.23612  0.06105  0.10542  0.91638  0.21043  0.35545  0.37231  0.78053  2.91746  0.07836  0.08132  0.22773  0.11374  0.91848  0.04720  0.07272  0.18927  0.07610  1.30962  0.03595  0.08206  0.16145  0.07626  1.29532  0.04210  0.07002  0.11334  0.06973  1.06918  0.05160  0.16059  0.31873  0.06401  1.23709  0.05388  0.07905  0.16250  0.10579  1.07233  0.05263  0.07995  0.15934  0.12585  1.03345  0.02374  0.03635  0.06661  0.10954  0.75567  0.04814  0.09694  0.12076  0.04792  0.76760  0.02911  0.00001  0.06352  0.17461  0.93490  0.01209  0.02843  0.05643  0.06623  1.25703  0.04510  0.06576  0.12577  0.06279  1.25109  0.04631  0.09248  0.15900  0.07423  0.00001  0.65509  0.35099  1.03847  0.60868  1.09622  0.38429  0.23500  0.66132  0.41310  1.01193  0.31505  0.24908  0.66258  0.38608

(frequency parameters for branches)  [frequencies at nodes] (see Yang & Roberts 1995 fig 1)

Node # 1  ( 0.36753  0.16920  0.27687  0.18640 )  [ 0.30923 0.17368 0.31630 0.20079 GC = 0.374 ]
Node # 2  ( 0.36753  0.16920  0.27687  0.18640 )  [ 0.30869 0.16650 0.32211 0.20270 GC = 0.369 ]
Node # 3  ( 0.36753  0.16920  0.27687  0.18640 )  [ 0.30893 0.16628 0.32223 0.20256 GC = 0.369 ]
Node # 4  ( 0.36753  0.16920  0.27687  0.18640 )  [ 0.30864 0.16650 0.32212 0.20274 GC = 0.369 ]
Node # 5  ( 0.36753  0.16920  0.27687  0.18640 )  [ 0.30883 0.16633 0.32216 0.20268 GC = 0.369 ]
Node # 6  ( 0.36753  0.16920  0.27687  0.18640 )  [ 0.30879 0.16674 0.32200 0.20247 GC = 0.369 ]
Node # 7  ( 0.36753  0.16920  0.27687  0.18640 )  [ 0.30869 0.16650 0.32211 0.20270 GC = 0.369 ]
Node # 8  ( 0.36753  0.16920  0.27687  0.18640 )  [ 0.30884 0.16627 0.32223 0.20266 GC = 0.369 ]
Node # 9  ( 0.36753  0.16920  0.27687  0.18640 )  [ 0.30966 0.17353 0.31595 0.20086 GC = 0.374 ]
Node #10  ( 0.36753  0.16920  0.27687  0.18640 )  [ 0.30865 0.16764 0.32133 0.20239 GC = 0.370 ]
Node #11  ( 0.36753  0.16920  0.27687  0.18640 )  [ 0.30864 0.16764 0.32133 0.20239 GC = 0.370 ]
Node #12  ( 0.36753  0.16920  0.27687  0.18640 )  [ 0.30875 0.16754 0.32138 0.20233 GC = 0.370 ]
Node #13  ( 0.36753  0.16920  0.27687  0.18640 )  [ 0.30875 0.16754 0.32138 0.20233 GC = 0.370 ]
Node #14  ( 0.36753  0.16920  0.27687  0.18640 )  [ 0.30867 0.16766 0.32130 0.20237 GC = 0.370 ]
Node #15  ( 0.36753  0.16920  0.27687  0.18640 )  [ 0.30866 0.16755 0.32139 0.20241 GC = 0.370 ]
Node #16  ( 0.36753  0.16920  0.27687  0.18640 )  [ 0.30867 0.16754 0.32139 0.20240 GC = 0.370 ]
Node #17  ( 0.36753  0.16920  0.27687  0.18640 )  [ 0.30867 0.16754 0.32139 0.20240 GC = 0.370 ]
Node #18  ( 0.29692  0.17587  0.32586  0.20135 )  [ 0.29692 0.17587 0.32586 0.20135 GC = 0.377 ]
Node #19  ( 0.36753  0.16920  0.27687  0.18640 )  [ 0.30722 0.16843 0.32212 0.20223 GC = 0.371 ]
Node #20  ( 0.36753  0.16920  0.27687  0.18640 )  [ 0.30736 0.16833 0.32204 0.20227 GC = 0.371 ]
Node #21  ( 0.36753  0.16920  0.27687  0.18640 )  [ 0.30751 0.16823 0.32196 0.20229 GC = 0.371 ]
Node #22  ( 0.36753  0.16920  0.27687  0.18640 )  [ 0.30864 0.16764 0.32133 0.20239 GC = 0.370 ]
Node #23  ( 0.36753  0.16920  0.27687  0.18640 )  [ 0.30802 0.16793 0.32171 0.20235 GC = 0.370 ]
Node #24  ( 0.36753  0.16920  0.27687  0.18640 )  [ 0.30867 0.16754 0.32139 0.20240 GC = 0.370 ]
Node #25  ( 0.36753  0.16920  0.27687  0.18640 )  [ 0.30874 0.16754 0.32139 0.20233 GC = 0.370 ]
Node #26  ( 0.36753  0.16920  0.27687  0.18640 )  [ 0.30528 0.16880 0.32394 0.20198 GC = 0.371 ]
Node #27  ( 0.36753  0.16920  0.27687  0.18640 )  [ 0.30610 0.16829 0.32344 0.20218 GC = 0.370 ]
Node #28  ( 0.36753  0.16920  0.27687  0.18640 )  [ 0.30703 0.16761 0.32303 0.20233 GC = 0.370 ]
Node #29  ( 0.36753  0.16920  0.27687  0.18640 )  [ 0.30679 0.16781 0.32310 0.20229 GC = 0.370 ]
Node #30  ( 0.36753  0.16920  0.27687  0.18640 )  [ 0.30798 0.16706 0.32246 0.20250 GC = 0.370 ]
Node #31  ( 0.36753  0.16920  0.27687  0.18640 )  [ 0.30868 0.16650 0.32212 0.20270 GC = 0.369 ]
Node #32  ( 0.36753  0.16920  0.27687  0.18640 )  [ 0.30004 0.17659 0.32228 0.20110 GC = 0.378 ]

Note: node 18 is root.


Expected numbers of nucleotide changes on branches

Node # 1  Bathy       (blength =  0.138006,  0.140807) abcde:   1.011931  0.315049  0.249080  0.662584  0.386076
pi source:  0.30004  0.17659  0.32228  0.20110 
pi model :  0.36753  0.16920  0.27687  0.18640 
Exij
  0.000000  0.017405  0.008867  0.004719        0.0   8024.0   4087.8   2175.7
  0.021716  0.000000  0.010712  0.004202    10011.3      0.0   4938.2   1937.1
  0.012329  0.011937  0.000000  0.019846     5683.6   5503.1      0.0   9149.4
  0.006136  0.004379  0.018559  0.000000     2828.9   2018.7   8556.0      0.0

Node # 2  R.fausta    (blength =  0.000158,  0.000162) abcde:   0.767601  0.029106  0.000010  0.063525  0.174605
pi source:  0.30868  0.16650  0.32212  0.20270 
pi model :  0.36753  0.16920  0.27687  0.18640 
Exij
  0.000000  0.000029  0.000002  0.000000        0.0     13.2      0.8      0.0
  0.000033  0.000000  0.000002  0.000004       15.4      0.0      1.0      1.8
  0.000002  0.000002  0.000000  0.000043        1.1      1.1      0.0     19.7
  0.000000  0.000004  0.000040  0.000000        0.0      2.0     18.4      0.0

Node # 3  R.magnifica  (blength =  0.072459,  0.072531) abcde:   1.251085  0.046309  0.092484  0.158997  0.074234
pi source:  0.30528  0.16880  0.32394  0.20198 
pi model :  0.36753  0.16920  0.27687  0.18640 
Exij
  0.000000  0.015678  0.000950  0.001277        0.0   7227.9    437.8    588.6
  0.018571  0.000000  0.001778  0.000559     8561.6      0.0    819.7    257.6
  0.001326  0.002096  0.000000  0.014521      611.3    966.2      0.0   6694.3
  0.001658  0.000613  0.013505  0.000000      764.3    282.4   6225.9      0.0

Node # 4  R.pacifica  (blength =  0.016692,  0.016916) abcde:   0.934899  0.012091  0.028427  0.056425  0.066230
pi source:  0.30798  0.16706  0.32246  0.20250 
pi model :  0.36753  0.16920  0.27687  0.18640 
Exij
  0.000000  0.003460  0.000073  0.000116        0.0   1594.9     33.8     53.4
  0.004065  0.000000  0.000185  0.000146     1873.9      0.0     85.2     67.3
  0.000102  0.000218  0.000000  0.004261       46.8    100.6      0.0   1964.5
  0.000150  0.000161  0.003979  0.000000       69.2     74.3   1834.6      0.0

Node # 5  R.phaseoliformis  (blength =  0.041667,  0.041668) abcde:   1.257030  0.045103  0.065757  0.125765  0.062791
pi source:  0.30679  0.16781  0.32310  0.20229 
pi model :  0.36753  0.16920  0.27687  0.18640 
Exij
  0.000000  0.009295  0.000546  0.000536        0.0   4285.2    251.6    246.9
  0.010957  0.000000  0.000826  0.000278     5051.4      0.0    380.7    128.0
  0.000759  0.000975  0.000000  0.008538      350.0    449.3      0.0   3935.9
  0.000695  0.000305  0.007959  0.000000      320.3    140.8   3669.4      0.0

Node # 6  R.pliocardia  (blength =  0.036883,  0.037244) abcde:   1.069178  0.051596  0.160595  0.318726  0.064010
pi source:  0.30703  0.16761  0.32303  0.20233 
pi model :  0.36753  0.16920  0.27687  0.18640 
Exij
  0.000000  0.006790  0.000536  0.001123        0.0   3130.2    247.2    517.9
  0.008007  0.000000  0.001798  0.000243     3691.2      0.0    828.9    112.1
  0.000745  0.002120  0.000000  0.007327      343.7    977.3      0.0   3378.0
  0.001456  0.000267  0.006831  0.000000      671.3    123.2   3149.0      0.0

Node # 7  R.rectimargo  (blength =  0.000158,  0.000161) abcde:   0.755665  0.048143  0.096941  0.120762  0.047921
pi source:  0.30868  0.16650  0.32212  0.20270 
pi model :  0.36753  0.16920  0.27687  0.18640 
Exij
  0.000000  0.000027  0.000003  0.000004        0.0     12.2      1.3      1.7
  0.000031  0.000000  0.000004  0.000001       14.3      0.0      1.7      0.5
  0.000004  0.000004  0.000000  0.000040        1.8      2.0      0.0     18.6
  0.000005  0.000001  0.000038  0.000000        2.2      0.5     17.4      0.0

Node # 8  R.southwardae  (blength =  0.036883,  0.036816) abcde:   1.295323  0.042100  0.070021  0.113337  0.069726
pi source:  0.30703  0.16761  0.32303  0.20233 
pi model :  0.36753  0.16920  0.27687  0.18640 
Exij
  0.000000  0.008368  0.000445  0.000498        0.0   3857.6    205.2    229.7
  0.009852  0.000000  0.000649  0.000269     4542.0      0.0    299.4    124.0
  0.000619  0.000767  0.000000  0.007456      285.3    353.6      0.0   3437.1
  0.000646  0.000296  0.006951  0.000000      297.9    136.5   3204.5      0.0

Node # 9  SUP05       (blength =  0.138006,  0.140429) abcde:   1.096223  0.384294  0.234999  0.661319  0.413096
pi source:  0.30004  0.17659  0.32228  0.20110 
pi model :  0.36753  0.16920  0.27687  0.18640 
Exij
  0.000000  0.017825  0.010225  0.004209        0.0   8217.6   4713.9   1940.6
  0.022213  0.000000  0.010095  0.004245    10240.6      0.0   4654.0   1957.2
  0.014198  0.011248  0.000000  0.018737     6545.4   5185.7      0.0   8638.1
  0.005470  0.004427  0.017535  0.000000     2521.8   2040.8   8084.0      0.0

Node #10  V.diagonalis  (blength =  0.000034,  0.000034) abcde:   1.359034  0.097092  0.323686  0.000010  0.358453
pi source:  0.30864  0.16764  0.32133  0.20239 
pi model :  0.36753  0.16920  0.27687  0.18640 
Exij
  0.000000  0.000007  0.000001  0.000002        0.0      3.1      0.4      0.8
  0.000008  0.000000  0.000000  0.000001        3.7      0.0      0.0      0.5
  0.000001  0.000000  0.000000  0.000006        0.5      0.0      0.0      2.6
  0.000002  0.000001  0.000005  0.000000        1.1      0.5      2.5      0.0

Node #11  V.extenta   (blength =  0.000034,  0.000035) abcde:   1.165040  0.000010  0.198086  0.518404  0.883288
pi source:  0.30864  0.16764  0.32133  0.20239 
pi model :  0.36753  0.16920  0.27687  0.18640 
Exij
  0.000000  0.000005  0.000000  0.000001        0.0      2.5      0.0      0.5
  0.000006  0.000000  0.000002  0.000002        3.0      0.0      1.0      1.1
  0.000000  0.000003  0.000000  0.000005        0.0      1.2      0.0      2.5
  0.000001  0.000003  0.000005  0.000000        0.6      1.3      2.3      0.0

Node #12  V.gigas1    (blength =  0.000094,  0.000095) abcde:   0.916385  0.210426  0.355455  0.372314  0.780525
pi source:  0.30874  0.16754  0.32139  0.20233 
pi model :  0.36753  0.16920  0.27687  0.18640 
Exij
  0.000000  0.000011  0.000004  0.000005        0.0      5.3      2.0      2.3
  0.000013  0.000000  0.000004  0.000006        6.2      0.0      1.9      2.7
  0.000006  0.000005  0.000000  0.000014        2.7      2.2      0.0      6.6
  0.000006  0.000006  0.000013  0.000000        2.9      2.9      6.2      0.0

Node #13  V.gigas2    (blength =  0.000094,  0.000096) abcde:   0.581908  0.000010  0.236120  0.061053  0.105417
pi source:  0.30874  0.16754  0.32139  0.20233 
pi model :  0.36753  0.16920  0.27687  0.18640 
Exij
  0.000000  0.000013  0.000000  0.000006        0.0      6.0      0.0      2.7
  0.000015  0.000000  0.000001  0.000001        7.0      0.0      0.6      0.6
  0.000000  0.000001  0.000000  0.000025        0.0      0.7      0.0     11.8
  0.000007  0.000002  0.000024  0.000000        3.4      0.7     11.0      0.0

Node #14  V.marissinica  (blength =  0.023717,  0.024011) abcde:   1.003964  0.059677  0.160570  0.287818  0.086219
pi source:  0.30751  0.16823  0.32196  0.20229 
pi model :  0.36753  0.16920  0.27687  0.18640 
Exij
  0.000000  0.004213  0.000410  0.000742        0.0   1942.2    188.9    342.2
  0.004988  0.000000  0.001077  0.000217     2299.7      0.0    496.7    100.2
  0.000568  0.001261  0.000000  0.004826      261.8    581.3      0.0   2224.8
  0.000961  0.000238  0.004509  0.000000      443.1    109.5   2078.9      0.0

Node #15  V.okutanii  (blength =  0.013394,  0.013509) abcde:   1.072126  0.035820  0.140191  0.231952  0.045772
pi source:  0.30802  0.16793  0.32171  0.20235 
pi model :  0.36753  0.16920  0.27687  0.18640 
Exij
  0.000000  0.002604  0.000142  0.000375        0.0   1200.6     65.6    172.9
  0.003077  0.000000  0.000502  0.000067     1418.6      0.0    231.2     30.7
  0.000197  0.000588  0.000000  0.002790       90.9    270.9      0.0   1286.4
  0.000485  0.000073  0.002609  0.000000      223.8     33.6   1202.7      0.0

Node #16  V.soyoae1   (blength =  0.000079,  0.000080) abcde:   1.247727  0.119998  0.000010  0.809603  0.431501
pi source:  0.30867  0.16754  0.32139  0.20240 
pi model :  0.36753  0.16920  0.27687  0.18640 
Exij
  0.000000  0.000013  0.000002  0.000000        0.0      6.2      1.0      0.0
  0.000016  0.000000  0.000008  0.000003        7.3      0.0      3.5      1.3
  0.000003  0.000009  0.000000  0.000012        1.3      4.2      0.0      5.7
  0.000000  0.000003  0.000011  0.000000        0.0      1.4      5.3      0.0

Node #17  V.soyoae2   (blength =  0.000079,  0.000079) abcde:   1.184522  0.124478  0.436471  0.110423  0.000010
pi source:  0.30867  0.16754  0.32139  0.20240 
pi model :  0.36753  0.16920  0.27687  0.18640 
Exij
  0.000000  0.000014  0.000002  0.000006        0.0      6.5      1.1      2.6
  0.000017  0.000000  0.000001  0.000000        7.7      0.0      0.5      0.0
  0.000003  0.000001  0.000000  0.000014        1.6      0.6      0.0      6.3
  0.000007  0.000000  0.000013  0.000000        3.4      0.0      5.9      0.0


Node #19  (blength =  0.151348,  0.150308) abcde:   1.715493  0.085928  0.120088  0.251512  0.076058
pi source:  0.29692  0.17587  0.32586  0.20135 
pi model :  0.36753  0.16920  0.27687  0.18640 
Exij
  0.000000  0.035057  0.002873  0.002703        0.0  16161.8   1324.7   1246.3
  0.043288  0.000000  0.004781  0.000973    19956.4      0.0   2204.1    448.7
  0.004087  0.005507  0.000000  0.024121     1884.1   2538.9      0.0  11120.0
  0.003558  0.001038  0.022321  0.000000     1640.4    478.3  10290.3      0.0

Node #20  (blength =  0.003114,  0.003172) abcde:   0.845017  0.036904  0.050732  0.085322  0.020428
pi source:  0.30722  0.16843  0.32212  0.20223 
pi model :  0.36753  0.16920  0.27687  0.18640 
Exij
  0.000000  0.000590  0.000042  0.000039        0.0    271.8     19.4     18.0
  0.000702  0.000000  0.000053  0.000009      323.5      0.0     24.6      4.0
  0.000059  0.000062  0.000000  0.000806       27.0     28.8      0.0    371.4
  0.000051  0.000009  0.000751  0.000000       23.3      4.3    346.4      0.0

Node #21  (blength =  0.003001,  0.003028) abcde:   1.071105  0.047547  0.121102  0.214741  0.034650
pi source:  0.30736  0.16833  0.32204  0.20227 
pi model :  0.36753  0.16920  0.27687  0.18640 
Exij
  0.000000  0.000587  0.000043  0.000073        0.0    270.4     19.6     33.7
  0.000697  0.000000  0.000105  0.000011      321.5      0.0     48.6      5.3
  0.000059  0.000123  0.000000  0.000632       27.3     56.8      0.0    291.3
  0.000095  0.000012  0.000590  0.000000       43.7      5.8    271.8      0.0

Node #22  (blength =  0.023683,  0.023965) abcde:   1.020379  0.058317  0.136666  0.253166  0.148359
pi source:  0.30751  0.16823  0.32196  0.20229 
pi model :  0.36753  0.16920  0.27687  0.18640 
Exij
  0.000000  0.004288  0.000401  0.000633        0.0   1976.7    184.9    291.7
  0.005077  0.000000  0.000949  0.000374     2340.4      0.0    437.4    172.6
  0.000556  0.001111  0.000000  0.004833      256.2    512.0      0.0   2228.0
  0.000819  0.000409  0.004516  0.000000      377.7    188.8   2081.9      0.0

Node #23  (blength =  0.013324,  0.013425) abcde:   1.118484  0.039701  0.131906  0.245575  0.044744
pi source:  0.30736  0.16833  0.32204  0.20227 
pi model :  0.36753  0.16920  0.27687  0.18640 
Exij
  0.000000  0.002636  0.000153  0.000342        0.0   1215.3     70.6    157.9
  0.003129  0.000000  0.000518  0.000063     1442.4      0.0    238.6     29.3
  0.000213  0.000605  0.000000  0.002716       98.0    279.1      0.0   1252.2
  0.000444  0.000069  0.002536  0.000000      204.7     32.0   1169.1      0.0

Node #24  (blength =  0.013315,  0.013401) abcde:   1.122422  0.041226  0.147891  0.227065  0.061108
pi source:  0.30802  0.16793  0.32171  0.20235 
pi model :  0.36753  0.16920  0.27687  0.18640 
Exij
  0.000000  0.002629  0.000158  0.000382        0.0   1211.9     72.8    175.9
  0.003106  0.000000  0.000473  0.000086     1432.0      0.0    218.2     39.5
  0.000219  0.000555  0.000000  0.002691      100.8    255.7      0.0   1240.4
  0.000494  0.000094  0.002515  0.000000      227.6     43.3   1159.6      0.0

Node #25  (blength =  0.029738,  0.029864) abcde:   1.193524  0.050820  0.165333  0.256727  0.054136
pi source:  0.30722  0.16843  0.32212  0.20223 
pi model :  0.36753  0.16920  0.27687  0.18640 
Exij
  0.000000  0.005926  0.000413  0.000904        0.0   2732.0    190.3    416.9
  0.007020  0.000000  0.001138  0.000161     3236.5      0.0    524.4     74.5
  0.000573  0.001332  0.000000  0.005714      264.0    613.9      0.0   2634.2
  0.001171  0.000177  0.005336  0.000000      539.9     81.4   2460.0      0.0

Node #26  (blength =  0.108721,  0.105680) abcde:   2.917461  0.078356  0.081318  0.227732  0.113738
pi source:  0.29692  0.17587  0.32586  0.20135 
pi model :  0.36753  0.16920  0.27687  0.18640 
Exij
  0.000000  0.030999  0.001362  0.000952        0.0  14290.9    628.0    438.8
  0.038463  0.000000  0.002262  0.000760    17732.0      0.0   1042.7    350.6
  0.001950  0.002609  0.000000  0.012621      898.9   1202.8      0.0   5818.3
  0.001256  0.000809  0.011637  0.000000      579.1    372.9   5364.9      0.0

Node #27  (blength =  0.017268,  0.017566) abcde:   0.918482  0.047195  0.072723  0.189271  0.076101
pi source:  0.30528  0.16880  0.32394  0.20198 
pi model :  0.36753  0.16920  0.27687  0.18640 
Exij
  0.000000  0.003161  0.000266  0.000276        0.0   1457.1    122.5    127.1
  0.003785  0.000000  0.000588  0.000159     1745.0      0.0    270.9     73.3
  0.000374  0.000690  0.000000  0.004014      172.2    317.9      0.0   1850.5
  0.000359  0.000173  0.003722  0.000000      165.7     79.8   1716.1      0.0

Node #28  (blength =  0.018308,  0.018300) abcde:   1.309623  0.035948  0.082059  0.161446  0.076262
pi source:  0.30610  0.16829  0.32344  0.20218 
pi model :  0.36753  0.16920  0.27687  0.18640 
Exij
  0.000000  0.004083  0.000183  0.000282        0.0   1882.4     84.5    129.9
  0.004859  0.000000  0.000451  0.000143     2239.9      0.0    208.0     66.2
  0.000257  0.000531  0.000000  0.003621      118.3    244.7      0.0   1669.4
  0.000367  0.000157  0.003366  0.000000      169.0     72.3   1551.7      0.0

Node #29  (blength =  0.013524,  0.013559) abcde:   1.237089  0.053877  0.079047  0.162500  0.105789
pi source:  0.30610  0.16829  0.32344  0.20218 
pi model :  0.36753  0.16920  0.27687  0.18640 
Exij
  0.000000  0.002884  0.000206  0.000203        0.0   1329.7     94.8     93.6
  0.003436  0.000000  0.000340  0.000149     1583.8      0.0    156.7     68.7
  0.000288  0.000400  0.000000  0.002709      132.7    184.2      0.0   1249.0
  0.000264  0.000163  0.002518  0.000000      121.8     75.0   1160.7      0.0

Node #30  (blength =  0.024975,  0.025190) abcde:   1.072330  0.052634  0.079948  0.159343  0.125848
pi source:  0.30679  0.16781  0.32310  0.20229 
pi model :  0.36753  0.16920  0.27687  0.18640 
Exij
  0.000000  0.004955  0.000398  0.000407        0.0   2284.3    183.5    187.6
  0.005862  0.000000  0.000656  0.000349     2702.6      0.0    302.5    160.9
  0.000555  0.000773  0.000000  0.005345      255.7    356.4      0.0   2464.2
  0.000528  0.000383  0.004979  0.000000      243.6    176.5   2295.2      0.0

Node #31  (blength =  0.016534,  0.016678) abcde:   1.033452  0.023739  0.036345  0.066611  0.109537
pi source:  0.30798  0.16706  0.32246  0.20250 
pi model :  0.36753  0.16920  0.27687  0.18640 
Exij
  0.000000  0.003500  0.000132  0.000136        0.0   1613.5     60.6     62.5
  0.004112  0.000000  0.000200  0.000221     1895.7      0.0     92.0    101.9
  0.000183  0.000236  0.000000  0.003899       84.1    108.7      0.0   1797.7
  0.000176  0.000244  0.003641  0.000000       81.0    112.4   1678.7      0.0

Node #32  (blength =  0.043174,  0.045409) abcde:   0.000010  0.655091  0.350994  1.038470  0.608676
pi source:  0.29692  0.17587  0.32586  0.20135 
pi model :  0.36753  0.16920  0.27687  0.18640 
Exij
  0.000000  0.000000  0.005561  0.002006        0.0      0.0   2563.7    924.7
  0.000000  0.000000  0.005205  0.002054        0.0      0.0   2399.5    946.8
  0.008014  0.005848  0.000000  0.006204     3694.4   2696.2      0.0   2860.1
  0.002666  0.002129  0.005723  0.000000     1229.2    981.4   2638.2      0.0


