gene	ncodons	SymvsFL_k	SymvsFL_pval	RuvsFL_k	RuvsFL_pval	GivsFL_k	GivsFL_pval	GivsRu_k	GivsRu_pval	SymvsSUP05_k	SymvsSUP05_pval	SymvsHSym_k	SymvsHSym_pval	SUP05vsHSym_k	SUP05vsHSym_pval
Rmag_0002	367	0.3252655941305572	1.779687508474126e-13	0.5100995032224567	1.382663594728939e-08	0.570618740741676	5.309441775125379e-10	1.051294484992612	0.5778487976502307	0.454854666420983	0.0	0.8687462276454034	0.04057499245438445	2.942294729965727	2.220446049250313e-16
Rmag_0003	812	0.445351482375891	0.0	0.1978702669407349	0.0	0.5424494715946092	0.0	1.216377454921929	0.003164340076668992	0.4572320694547797	0.0	0.7028734478855921	1.453831566244901e-08	1.542783537629137	3.791223557314538e-08
Rmag_0005	822	0.4446595783176639	0.0	0.3394836458066768	0.0	0.4288426273651859	2.664535259100376e-15	1.086681513141084	0.4302415429649218	0.352035848375218	0.0	0.7665551307169591	0.003721776503731289	1.803452737477734	7.327471962526033e-15
Rmag_0006	340	0.6734860099792085	3.032270521341474e-07	0.6695371468515428	6.419003813040725e-06	0.3924413875229856	2.28106956823293e-06	0.9561789280714915	0.8758420144100728	0.3415970459870745	1.438849039914203e-13	0.8568892456383984	0.1092473083750345	1.758774572197806	3.767785371477927e-07
Rmag_0007	255	0.7762374547636453	0.6268649843380254	0.7294339753703645	0.4919151630333291	0.7787939438960835	0.6016573477353819	0.973317352161142	0.9432490454369651	0.5790263265210956	0.08026509527772507			1.328258290960214	0.2825387103123395
Rmag_0008	224	0.933855243549365	0.8736190597430581	0.2641261477437565	0.0001140205364350555	0.7075583530476974	0.6687030954274179	1.136463278388738	0.3407396298743816	0.3334075461961293	2.76820308720005e-06	3.888514095061798	0.003059091528583191	3.238730082423463	1.396704973899432e-11
Rmag_0010	408	0.3896181406195077	3.566585358161234e-06	0.5330742075891735	3.457809418905278e-05	0.6158118357640864	0.009178159647294404	1.737193218890885	0.1682141507012559	0.5793716033860661	0.01323220657966828	0.8269053579905679	0.2672818094920728	1.222886631707445	0.1483659457367019
Rmag_0011	217	0.7850000684454174	0.1607103214235748	0.0113733235088058	4.187773573804954e-06	0.3455556764779108	0.03076372290228102	14.8798593017385	0.0400668275388365	0.01516064264332044	3.035954026842091e-06	0.8893111051160626	0.6741402249186225	2.263232521827246	0.008068880564515268
Rmag_0013	936	0.637461245655926	0.001655918451958338	0.4263835314245048	6.067850455426793e-08	0.7443717132042019	0.1559536426951639	0.8741246047187081	0.2970479791955863	0.5993386114897615	1.282011345815626e-05	0.9747933101554033	0.8542208692781291	1.529865922437882	3.995048736271656e-11
Rmag_0028	260	0.7064346898400331	0.02016387339304404	0.4037886523055601	0.01773971926017082	0.7875072134691804	0.09061434095301402	1.123894890861617	0.2990707387478285	0.6090034651569685	0.002192519240878599	0.9323232405667005	0.4525895256811969	1.476139156364085	0.001756036926831683
Rmag_0045	321	0.5964024532250719	0.04546004368712997	0.2020257614303154	6.336945312934716e-08	0.312651597809724	0.00272587699832505	2.302309783423217	0.02067848011810813	0.2964520867658543	9.40280063098653e-05	0.004618076372039591	0.001528018950216481	1.840648919883976	0.0001011988476599113
Rmag_0046	142	0.2135539488986112	0.001164854673708415	0.2066011467920464	0.001200581533039258	0.3426385947059609	0.08672729980003635	1.104703543209371	0.6831963963261442	0.6217354450501165	0.05954716360619217	0.6837650924495535	0.03151345770478187	1.308275263333512	0.106775273313498
Rmag_0050	133	0.1102771708740486	0.0005360505746688782	0.2338434052818936	0.003149395825391088	0.08226305950711074	0.002883482859448061	3.001931277951861	0.3183716393969165	0.006935405008793747	1.684400043888701e-07	8.462491540682313	0.757927922784777	4.9307477599054	0.005995357524696043
Rmag_0052	154	0.499178084488955	4.39558447340449e-06	0.4899047795698183	0.0001243788820578517	0.4694694688117506	0.00397649999658467	0.9259869140338757	0.74118984043154	0.3766841773622608	1.858547635791297e-07	0.5550910545975564	0.0001589030924241674	1.535498532923269	0.00249389382636922
Rmag_0053	492	0.7094384928627288	0.002470759541879142	0.6067473639836108	5.38921236381551e-06	48.86793706109896	1.571047014703453e-08	1.55129092927627	0.0001890118175436051	0.6928878996962426	0.00230232529858343	1.023403805047994	0.9440509002761187	1.535464642033619	1.334007238007473e-09
Rmag_0054	857	0.02591265395971418	1.121325254871408e-14	0.2205175752922003	7.616129948928574e-14	0.01901516854237758	7.825552750251319e-08	11.4445349684444	0.006678158479319851	0.3187157982771473	6.402913532710386e-09	0.123170594518476	1.599521777495561e-05	2.882855115407305	3.674838211509268e-14
Rmag_0063	332	0.3832880852057661	2.773359350394244e-06	0.5402909170524042	3.729668096918992e-06	0.5037795426181918	0.05120848763106189	1.065424507112913	0.7781831400469599	0.5523600560651215	0.001756709900300524	0.2385862466724374	0.0007423206427753515	1.171965574935086	0.2001565424500227
Rmag_0065	392	0.4431577377063489	9.376658890669631e-06	0.6267252778677653	0.003791402199467941	0.501355167785587	5.088677720310741e-07	1.019569157431786	0.9383858271854673	0.5586770918590751	8.259727488080237e-06	0.8463442099823563	0.0555652572571006	1.386417865680803	0.004555603167957556
Rmag_0066	485	0.111982007154043	0.0001335909023540971	0.605144730260989	0.0001079150279810204	0.4589051371034506	0.002936396426848842	49.99999999999989	0.0002792225165582085	0.7557075152475202	0.001665362016036287	1.003241827867793	0.9821069412605776	2.92764379020223	4.947985595582516e-06
Rmag_0071	259	0.1214072837213786	5.803957313421648e-06	0.09382538282288432	5.529225858358355e-05	0.1190007456577752	9.482548474215591e-07	0.6805608765022078	0.3224704928287152	0.1450517225126994	1.229084367615485e-08	0.6754578271418681	0.07409828002775098	1.926261559335697	7.299287504591856e-05
Rmag_0072	308	0.301444138276538	2.411915112077168e-11	0.3222150657394756	8.071900925443742e-10	0.3922082917464284	6.089420458432748e-06	0.1133726537616009	0.1811963130837149	0.1962127447828386	1.043831687752572e-12	0.4089059493975365	0.0004748804082970182	1.804592278582459	6.159696508412082e-08
Rmag_0073	290	0.7745248624968418	0.4643673881189402	0.8786798637509216	0.7466764842963003	0.006723565776324811	5.600026189434004e-07	0.179827735282832	0.3041609565298427	0.01406152611551714	1.346718559602778e-05	0.3858087124813359	0.2128406505739666	1.747600925732349	0.01708631635803437
Rmag_0077	242	0.3839555647443394	0.0002949753654745146	0.6909908284193673	0.03896401823269924	0.3476500970291903	0.02700179951421378	0.9220397573145558	0.641580721430094	0.5758165715625991	0.0005619778353416205	0.8741986652973797	0.4731030281230909	2.113170511486837	5.484066298855339e-07
Rmag_0078	928	0.005079791611535278	0.0	0.01038247101596759	0.0	0.03334658483335948	0.0	0.7493976970869118	0.005899019028995922	0.06233389420838574	0.0	0.04632530653099035	4.859990188066377e-11	1.443270279709328	3.915960222755643e-09
Rmag_0079	589	0.8992237948263717	0.2236017713525342	0.9637426642882959	0.6823465926091843	0.3950885504866749	0.001545214472091883	0.0006588132611339746	5.378741747930071e-05	0.7336864924419472	0.004496418174190997	1.138345816546448	0.2083964287175016	1.676218762105065	2.972593726724426e-09
Rmag_0094	416	0.3034811450603958	4.4252284059354e-09	0.356816015714204	4.069013082030892e-07	0.2736039262477172	9.424542845914985e-05	0.9179529949637157	0.7099697033685498	0.2156155922074013	2.149432747344804e-07	0.193051513970137	3.459803382233062e-06	1.042145608648191	0.7957052505604272
Rmag_0097	486	0.5642314196364043	4.381606188985643e-12	32.39061769919095	0.005616265290119382	0.2778164263490109	9.450884519424108e-12	1.070732976683764	0.5362292648502875	0.3008261708384586	2.05391259555654e-14	0.2862913020851289	7.036860484310736e-07	2.511146993292572	9.302752853723728e-05
Rmag_0098	199	0.3914223170652519	6.770637075992347e-06	0.3337983135255366	0.0003166149494520099	0.5605889401117162	0.001191690285156533	1.131514711578244	0.5295298819089768	0.3902579695283906	0.0001744971282507946	0.6700722874891918	0.0003353479688638084	1.22384377399512	0.2243804866335062
Rmag_0099	361	0.1011448058041015	1.110223024625157e-16	0.4004563561171975	4.368727601899991e-13	0.4473242768350518	3.068545052609117e-06	1.058093737286681	0.613754256057766	0.2884200710349711	3.230749001659206e-14	0.03439202043367908	1.133902971517387e-08	2.013568561240863	0.0001885994004757752
Rmag_0101	200	0.1157208181480479	0.06761022553948448	1.60682700462632	0.6495972675673989	0.7791875902580104	0.6006889609650343	0.1367724498322481	0.4295231158990925	10.75433138311406	0.1699701207661187	0.740567502075773	0.4276730159176746	1.680757588841036	0.01155767812071828
Rmag_0103	423	0.6036001756337743	0.001405114346904712	0.04455423084179259	2.209915661577355e-08	0.9853781538829204	0.9632650394335778	39.12767909766306	6.842360011916071e-11	0.5945721567777201	0.0002427110166963731	8.850472277863734	0.1372146950679364	1.423689251792524	0.0006132936875662409
Rmag_0105	379	0.5028358708700188	0.00182148444359298	0.4925320178636526	0.002812138623518701	0.5152550576025157	0.1065442359090614	0.9527628707066963	0.7338013739867921	0.4422494316960653	0.0003730055377867414	0.9705494090823366	0.9223865478963597	1.8821353042255	2.079825538325863e-05
Rmag_0106	290	0.03689933831118943	1.812513672483362e-07	0.08394034566919761	5.472184358423782e-06	0.03622115646919714	4.509144525544073e-06	2.253613157813544	0.1820774127429186	0.0241747467866404	3.854943774206365e-05	0.0298529190355834	0.0156680115480754	1.81930809505016	0.01272515662463203
Rmag_0107	262	0.9874161427531339	0.9808508016911208	0.6558348551888411	0.2065525593603378	16.19622221022456	0.6161325120967989	1.629515354033941	0.0182537876947102	0.7771580578863926	0.3156689647661269	9.79847477770929	0.5056704627971125	1.403223966315572	0.3811717092243143
Rmag_0108	625	0.5577289971747814	0.002256591335692226	0.4954388635859587	0.000115093630698393	0.6654798684226441	0.0465422889792696	4.538501446349646	0.0004859921106629139	0.5126691204968324	0.0003842156302883426	9.230713736450191	0.092215872078515	2.385055382413415	1.931788062847772e-14
Rmag_0109	320	0.7479125237702716	0.07306160754746571	0.4211603039229324	0.003031799870648832	0.8802423398106869	0.6559167793683305	1.198573135248761	0.1988897711205255	0.683363166028856	0.009408493750034275	1.090607276077772	0.793612131170473	1.408498202116323	1.219824025933125e-05
Rmag_0111	181	0.3988038594542255	0.02321458004981425	0.4450618679320811	0.0666593285736321	0.3384335340517601	0.1422810558725111	0.8936282732003082	0.6608343488704413	0.3388733759370051	0.0006790045561446689	0.6936430728000715	0.4974587124399346	1.915935630894217	0.01281343938140855
Rmag_0112	341	0.1817170303720364	2.692734923925855e-12	0.2841264110046098	2.13360611200919e-06	0.2415825364312132	9.994893801490434e-12	0.569243365909255	0.0008017901678414319	0.1740477786728289	4.87443418961675e-12	0.6343286714052853	4.20554804225759e-06	1.425523912286215	0.0003691828310282697
Rmag_0113	424	0.02453447731023863	1.186190878854632e-08	0.02327768029622175	1.840846219902659e-08	0.09429580419968846	6.229044424377328e-06	0.001290592096759242	0.04857221750700413	0.1331717318165817	1.287007408090624e-06	20.95389450690699	0.3091502383706843	1.529038465672214	0.0007724204222575581
Rmag_0120	686	0.6304463622823652	1.160449181192291e-08	0.6002583641014985	4.959540222948533e-09	0.6579740120961208	0.0006849203821348571	0.9776474868448753	0.9561137071701785	0.5988011650430106	2.898201783008147e-07	0.8678281869946769	0.3131997857795532	1.361588256730353	1.706703101067575e-06
Rmag_0136	642	0.4519629310307532	0.0002036781429435308	0.460564090624894	0.001041491257835703	0.02269066706063588	3.45612513500404e-05	1.001558602875701	0.9834518609462779	0.4341145549633678	5.833468535065833e-05	1.080329148762797	0.1818017649820508	2.983013096408015	5.846151340804795e-08
Rmag_0137	272	0.9836169562441615	0.9817067927877579	0.1106781315741522	2.891146365058272e-05	0.1232299130513891	0.0004741512577015605	1.391566653106361	0.09224638565447218	0.5353443039825289	0.03208960334674482	12.93719264630893	0.1038085950637635	2.769602795803107	6.650001549424189e-09
Rmag_0138	444	0.8568047765119228	0.3562256856184209	0.34944346739703	0.008304809249377487	0.2961175094286389	0.01627182064674249	1.092006648978252	0.4358144745161872	0.9924676565118207	0.9811906981827967	1.415459736896408	0.1168812218410578	1.441020829435004	0.000119023174072419
Rmag_0153	461	0.2773648048635716	2.938527199347618e-11	0.3440627778461566	2.354910499935414e-08	0.01294687849628507	1.994027165608259e-11	0.2363727298064167	0.008306913759576817	0.4405487066052307	6.60778703360787e-05	0.1557053343986337	0.001189797187545194	1.316600497116521	0.0212638519903493
Rmag_0160	153	0.9101028524158403	0.3799940099896593	0.7761652348544091	0.2314883414872889	1.219596616508257	0.6122986915506171	1.216713887476963	0.3692018005583261	0.879954663244672	0.4758125206107751	0.6786353256891862	0.25478813367375	0.9394111924120512	0.6794834142347936
Rmag_0165	324	0.4545052362559903	5.808181128708068e-05	0.4055959681550654	4.920814944753271e-05	0.4510027121969488	0.003601685425667189	1.135856167650271	0.3944338692121195	0.468674522153216	3.71688450799823e-05	0.6341924448402911	0.03271795510919084	1.439825826099392	0.008702617768169163
Rmag_0166	204	0.6078816573338404	2.093354696697247e-06	0.5180165748958792	6.792790116172398e-05	0.542250366695065	0.0004302583254196524	0.7238438196874472	0.2829440162330108	0.001339662865704422	1.206808975195983e-06	0.7070078614954829	0.004029277788389463	1.306515553586839	0.003027921365236996
Rmag_0167	97	0.3177585103076813	0.0006983962930467991	0.1082154396531698	0.0003607031528306548	0.3769596588162308	0.04672683879024297	1.110271440437411	0.6764371801121777	0.140181965165401	0.0005011052613510536	0.699443930478763	0.099965815437839	1.667797429392454	0.03056664279093058
Rmag_0168	285	0.05718886087890852	2.694297540628554e-08	0.046940465358362	5.326970546448706e-06	0.02617723511287243	4.046313647143585e-06	0.8673031523714826	0.389953824146501	0.3321159227863821	8.823202983787581e-07	0.03465026745802164	0.0002270655557166101	2.160457947818512	0.00612571492335634
Rmag_0169	91	0.1624643564625183	0.001378908904181686	0.220057062599099	0.002893848723431236	0.7440107948906447	0.2898733803644574	1.309916790132634	0.2861957841387346	0.8422781700177828	0.3436337389779981	0.6696586636512037	0.03319739954780776	0.5569290702273989	0.4138403684505426
Rmag_0170	113	0.4056479900252291	0.0002101829535295918	0.4659737224665846	1.058595571890031e-05	0.8421149766886395	0.4626423139003999	1.905403831945542	0.007877008273266872	0.5966706238644862	0.002259062997329253	0.624647876692502	0.005981251769751394	1.018345571805514	0.8802377455082624
Rmag_0171	234	0.6521510978615253	0.0007725263795550497	0.638297541244552	0.0007980214628875437	0.6572448871286666	0.09223976735682571	1.007212698239263	0.9794843038694258	0.4806713111994175	0.0005959568644120505	0.8210047591152458	0.2905681961843499	1.45456396886456	0.0007779147358220051
Rmag_0172	136	0.7223738095825905	0.02767216311155096	0.7088273686967993	0.03671691478332328	0.7402933763671812	0.1501597195952418	5.553826697418452	0.4547538630390381	0.756764073689981	0.1026886242422904	0.7925904591489099	0.1391468634578978	1.038093042539783	0.7482433705510626
Rmag_0173	62	0.1747311789555911	0.006454849241346761	0.1205455852320841	0.6910443441778207	0.1772241332408195	0.06820659209738111	1.055251091160335	0.9375520028898802	0.3385967623191081	0.004393236870858686	0.874201723176411	0.9074595400198064	3.506448259975172	0.003399568218064197
Rmag_0174	96	0.0973453556566685	2.045540250494859e-05	0.006464541568410658	0.0002091737292581053	0.2833652283247418	0.00331253602586612	1.344642686269393	0.2656695130291086	0.2179493067896623	6.080577612865845e-06	0.5039493049477634	0.002335198533406579	1.526936719700174	0.2251897022890141
Rmag_0175	136	0.6221947601467268	0.0035632361206267	0.4733194224547759	0.1057187474079716	0.6528161325524419	0.01882206257976426	10.71007214019492	0.3078097374352592	0.1621290607561824	0.001225044453800561	0.7297560346703656	0.03061752407801532	49.99999999999989	0.08898694464729862
Rmag_0176	103	0.3419344230942782	5.787195449302729e-06			0.9326842273493361	0.7780478263692676			0.2331935590101417	3.504304949553116e-07	0.6792797976925077	0.1052867451958958	2.019506089633382	2.72613998439919e-05
Rmag_0177	183	0.07108311584123848	0.0004205090018986057	0.6985471603304392	0.03118759129323223	0.04473549069081291	0.01845883329855247	1.26574470287266	0.2344470135605515	0.08327746929769908	0.001327230355728237	0.9898481985998844	0.916494490113356	2.190680949785249	0.0178575843651404
Rmag_0178	101	0.8235695603077011	0.4088968331328827	0.856743363259257	0.4646037391645468	0.8211838569550398	0.5028194046887007	1.053802478880504	0.8374224358794439	0.9172985749582311	0.6235041434012181	0.8845166396100463	0.5913921212577143	0.9555280886635892	0.7711536419033718
Rmag_0179	132	0.6553136656300198	0.06412761980518189	0.1351813437140753	7.363286255834822e-05	0.2101626832185268	0.008559309529087344	1.44945459757385	0.1305077510456059	0.1056286700774513	0.003618046538088393	0.6288456563452969	0.01277722893087496	1.218082752440018	0.5105640128840337
Rmag_0180	181	0.7096398294627372	0.01654407764898613	0.6266375900104094	0.002704834690294811	0.9352901832249029	0.7519761431319403	12.42884373146847	0.06302506681072073	0.003996986739383934	2.831931106506147e-06	0.6962977240599352	0.2671659649727374	8.661967364135542	1.776284601573419e-05
Rmag_0181	115	0.01538615452057533	0.6713227705038144	0.001520584215116077	0.000671363611864817	0.7879475211406126	0.5588925325841894	7.90469207724312	0.1329553571027324	0.9058008717364991	0.6029679270899422	0.05562023174064493	0.004550071292780622	1.002002264718671	0.9893952304466119
Rmag_0182	173	0.7982003604122858	0.03916050966683771	0.8747533445423153	0.4172264663236339	0.7807154541983398	0.05035229187307921	0.8807203907521224	0.5366843006694535	0.7513290448559734	0.009973025804045577	0.9472093322969859	0.6623139846529698	1.239616856462054	0.02779193914303346
Rmag_0185	434	0.5119954872481912	1.556461071139381e-09	0.2902663392817833	4.50197832679855e-07	0.5584581621353002	2.234557449931618e-05	1.444822640455057	0.1229143130257564	0.4266722020722827	1.477545641392908e-09	0.546358932580326	0.0002235158187383623	1.819868077640882	3.213314281325097e-09
Rmag_0187	119	0.1384605524167981	3.209737723142148e-05	0.1005273102502209	0.000383736468517526	0.1895117768806237	0.006377971778757763	1.165248046424521	0.4138793124246436	0.5946830295615902	0.001569689620020021	0.5846724344780336	0.04094938632015599	1.990890647744926	0.4204578804432321
Rmag_0188	128	0.5555055112524127	0.002632363074037247	0.4490638069485523	0.001302742736646656	0.7720289105314518	0.2073269231442182	1.305178858770558	0.1498753288466395	0.614773140771153	0.001806984383580623	0.7329561821850226	0.08357764247500166	1.289257769607124	0.1854981704605281
Rmag_0189	208	0.6981528387319553	0.1192339315638438	0.6423017695531157	0.08378541495584035	0.7284308212124041	0.4486662212766832	1.018107644469002	0.9102038884184411	0.579671916392905	0.005381382741221241	0.8975097151251428	0.5227573343768078	2.114953268493951	0.00352783919561761
Rmag_0191	196	0.08673168908855408	6.880504245243557e-07	0.08783828525282514	0.0008633494764863636	0.1179767387954109	8.567511600732214e-05	0.09933418635072613	0.6041133044213083	0.118891745333649	1.352753147720875e-06	0.08142795402781106	0.07744501273132143	1.452088942960194	0.1016539164071161
Rmag_0192	71	0.5141166997881477	0.001680276796037328	0.1217038190202979	0.006118056161055541	0.1397819041595821	0.04822848007320657	1.079590694415845	0.8189329550318436	0.347718904884649	0.0009855093800646975	0.2501256819261431	0.01608845469307685	1.032532325136059	0.9042753125731465
Rmag_0197	386	0.003407532556822824	0.001220994820849808	0.3550720907677634	0.004733077833871668	0.06131140555867697	1.528002600448275e-06	0.446955611909906	0.2562653438375757	0.6998343820903815	0.1385567816001032	15.81543016436736	0.001137349007077071	2.761544358749983	6.570948521078535e-06
Rmag_0205	200	0.0002566013688008212	3.260359045476058e-05	0.04296838704442777	9.303632869339662e-05	0.1719908964802636	0.283354989568791	1.266932367764179	0.1321067299140827	1.377062508085457	0.6537957223837606	0.3474448525993132	0.01608769370762775	1.637369052451831	0.02662688767071431
Rmag_0208	779	0.77488827127004	0.01961910031234548	0.7670907901478934	0.001970895378333948	0.7456351216065724	0.01317781316667643	1.071774627994783	0.7938318148361655	0.7207658656817622	0.0002205100910411817	1.066860571263306	0.5149516065865949	1.899008394500033	7.320810624378282e-11
Rmag_0211	495	0.4097942808369027	6.545377162492372e-08	0.2048913579507269	1.85685141707026e-08	0.2762910754427774	2.602377617144658e-05			0.392041094726898	1.589869087492701e-07	0.1770137437156225	0.002529641972620733	3.883406332451981	2.754837258311937e-08
Rmag_0221	556	0.1829114550200424	4.536790254583423e-08	0.1819167282449177	3.21836803096609e-07	0.4273825115851946	0.000113043797844159	0.7132736770983775	0.07583024135113303	0.2271052030907875	3.028742504573856e-07	0.5421746417077278	0.2679394651602891	2.136318550473691	2.878259237804048e-05
Rmag_0222	430	0.6123236923400149	2.429536512127406e-05	0.5529686952692897	9.420943971061302e-05	0.2330974933837434	4.968248035197576e-13	1.031805248223374	0.9311380217994027	0.519305500299393	3.628858324944417e-10	0.1553086535507972	4.150485634391021e-05	1.954024832740634	2.754866557097557e-09
Rmag_0223	218	0.5371300369153784	0.05349312114240201	0.6328833391574579	0.0352973367291981	0.6415704231290931	0.08914791069965333			0.5781686525840634	0.001117809367797595	0.5266846460941961	0.452185821177799	1.718320766686651	0.02894619770230411
Rmag_0225	75	0.5217403639718498	0.008835175527686756	0.5108528392979719	0.01357385518829601	0.5484798349748644	0.2425505948654856	1.027025695181536	0.9662710461773163	0.4137523767355515	0.004139557722569021	0.6611180532431714	0.07735251633225604	1.225575787294325	0.3180619947444703
Rmag_0227	227	0.1055810993382869	4.129568953459284e-08	0.2740082309109339	1.132578159035447e-07	0.3032490389506383	0.0001293581712901171	3.445324719488145	0.3400796884183184	0.1373522432919071	9.202522848639205e-06	0.4436553732964885	1.357529048062744e-07	0.8887097261211806	0.443953468944131
Rmag_0236	475	0.8112840744847412	0.3732799291785037	0.7310986650282051	0.1775021178135904	6.354663365339425	0.5269893620929003	1.192429470706561	0.6684435705419707	0.4267736808556095	7.276048970550342e-05	0.9796958574703308	0.9876014935648714	1.668479092355305	9.724783867071096e-09
Rmag_0237	118	0.6107380986408837	0.008665056411706118	0.587818832040382	0.03651655904087758	0.3125434526436141	0.5785236676465316	0.8045311890367463	0.598262753163021	0.2043491782078457	0.2460613391599071	0.8183031330973549	0.2038402324916958	1.401540653398985	0.465207654585881
Rmag_0241	162	0.7552943778293078	0.2891036003908066	0.7817387743079863	0.370696793744777	0.6129700216843564	0.2414566806483491	0.009996790651479407	0.0764985644227475	0.7443055545453207	0.1184749314725527	0.7765680667940644	0.3787832816532845	1.750452813804449	0.002407349852115659
Rmag_0242	433	0.600999437664339	3.024151151720389e-09	0.4853813699683558	8.955428654200404e-08	0.2467375120677868	1.020801297046958e-06	0.8777285828792669	0.2164661590991187	0.5361807862688517	7.716094430065823e-08	0.6847159297198611	0.0001556957945245685	1.384492852628654	0.0005249130185629447
Rmag_0243	759	0.7486689386379908	0.006225052106671125	0.7411204157893595	0.007704205422160992	0.6110256186028613	0.0005385305086353931	0.6866078021077336	0.2550526791714626	0.7518569604226537	0.03697002403287197	0.9573871467639834	0.732898048813496	1.392797614217273	1.359711779280737e-06
Rmag_0244	360	0.5669458746143271	0.01588955297932604	0.6315385838654861	0.3015851641144306	0.3756995970506118	0.02103419351188973	0.8415408027283979	0.1495304035609845	0.4642448588480301	0.0001871519794378607	0.8352560800042484	0.3171779920000152	1.44297156767003	0.0004803319324628852
Rmag_0246	211	0.6869958664216026	0.07155475050092408	0.6885163798222358	0.09972383502887194	0.6567475859394973	0.6910821618993745	0.9483220190712889	0.9615540298838615	0.5915983365088271	0.04303731906190444	0.9190784571266075	0.5634172918114199	1.37050761898321	0.005112797269815061
Rmag_0247	102	0.5534821961002628	0.005567453584812698	0.5423282715938798	0.01957355082080481	0.7349930120768945	0.1083393327904575	1.026741829529005	0.9256938544615523	0.4966514374868721	0.01310731179998059	0.8092508132053117	0.2372026475405095	1.248000001770447	0.2695689695991977
Rmag_0248	656	0.2787567994129265	1.720845688168993e-14	0.3187513369447408	1.082878231528639e-11	0.1868085755046194	3.581567487032089e-09	0.8479406058793438	0.0924902979927198	0.2397717465711526	0.0	0.7929657706557091	0.08167024914060883	1.929036246293205	1.212974165554215e-11
Rmag_0249	531	0.3899626860741429	6.116633324504406e-06	0.2905438313020746	7.728518883975966e-06	0.5788291913436051	2.245579093851369e-05	1.125350393165139	0.373979924223908	0.3234763771385192	6.265367669122668e-09	0.6866131460527787	0.0541041870684299	1.402290975102949	8.750070369045737e-06
Rmag_0250	493	0.1321293744306179	1.236144520078142e-11	0.1912055091401622	1.479927291825334e-13	0.1542767029670991	5.866935604004198e-09	1.084161183858139	0.5061158693747541	0.6730603530531826	0.002604508522560889	0.01923788960575561	9.792167077193881e-14	1.222625897477834	0.01277660677249226
Rmag_0258	318	0.7403735941837869	0.1778326905746874	0.8244863606161869	0.5945453424269695	0.6064651960761441	0.1935070657218965	0.1488779624559159	0.01238159178736253	0.5280118514224705	0.01168834988549561	0.9451927477225291	0.8209752179852896	1.446860750117323	0.0004845789253465904
Rmag_0261	185	0.1286702086162518	1.314179876032995e-08	0.1093632017429543	2.609406613007792e-08	0.2937442833018332	0.003783394975055088	1.488144421289666	0.5714332662826929	0.1357607880115088	5.609831710273738e-08	0.3852069843943836	0.00402736869256759	1.318242576641571	0.05313343420358874
Rmag_0262	246	0.5637912912289769	0.000635001812444469	0.4954410936339483	0.000360421560040014	0.7382911344895179	0.4637451860731859	1.302924743602283	0.2737511725408356	0.4950496877054477	2.249818794375358e-06	0.7668966373799274	0.1489215533392704	1.721165971864573	0.001346920413687003
Rmag_0275	230	0.9719510488986262	0.85213546490936	1.033186081856802	0.8411201526943852	0.7045531541166381	0.04368148781285475	0.0413809606252353	0.001765067902515405	0.8225379466070687	0.2844013712145156	1.304434794875059	0.328074794385353	1.286604808678013	0.003955373220460245
Rmag_0278	339	0.2488272015188936	1.537706828536045e-08	0.2311063728040618	1.047721487346109e-08	0.29666407512067	0.0002651989621471618	1.139097141546558	0.3545826627534883	0.3005347991897271	1.88920808761317e-05	0.09920492226550488	0.0002184469187995752	1.314777227656824	0.01977422715919575
Rmag_0284	210	0.5329860171039925	0.06322595625290794	0.6723075168192939	0.01837797334021907	0.6030977646618717	0.07466128358731183	0.9827529313782315	0.9625788505437337	0.4299298057076981	0.003010348847052979	0.4902573296923036	0.0404594245789679	1.607530446290515	0.005007862978314348
Rmag_0289	133	0.1617049034514365	0.1771345329873628	0.5295256545692834	0.01714612027754636	0.3093487172410536	0.02404389843525823	0.6253264784568175	0.2989536460141007	0.2490078701031423	1.456612312422667e-05	0.6668269470314858	0.7904720876036514	3.156007089449333	0.0001890629892361551
Rmag_0292	367	0.5933805173020119	9.919745358466514e-09	0.5040974598471325	1.019652520639625e-06	0.3163137330915191	5.485611964672898e-13	0.5373623083039958	0.4738142015816913	0.2828012336059323	4.996003610813204e-15	0.7209558444692331	0.0002353249078609343	2.095795260426797	6.131703034872871e-06
Rmag_0293	86	0.2545724783566381	1.328367809949604e-05	0.09846280566457152	7.99779520388455e-07	0.3314925997863433	0.2938977276616778	1.455197310990165	0.4248933429092581	0.3735024092985098	5.090224873827154e-07	0.9986912426405585	0.9974832126587198	4.443826154580772	0.1156103999290862
Rmag_0294	301	0.8530589458606627	0.5621025582648739	0.8900716647015557	0.7178313748399199	0.7120660079151634	0.3170111204700263	0.9373459037775976	0.763658790311042	0.6500064181350924	0.05503032719670964	1.255706899048251	0.6708751924565697	1.469322492789746	0.0001167873166275646
Rmag_0295	631	0.09746804205718602	1.709754560152987e-11	0.1160800186539609	1.456588960557781e-09	0.1368604419580603	7.618577104739899e-07	0.739719175477125	0.09132582438257786	0.158761920586808	2.497331563766636e-09	0.3048014479433925	0.001772338946089969	1.608496489593627	6.010048014815084e-11
Rmag_0302	751	0.4151982252617491	0.0	0.5004215402240806	7.244205235679146e-13	0.4426033137429565	0.0	0.7782075627893142	0.0381772124963996	0.4020886891097014	0.0	0.4315109294902033	4.663212038735765e-09	1.671359247327224	2.106204100016384e-12
Rmag_0306	882	0.1114060545497769	0.0	0.2638419332973866	0.0	0.2590129667173206	7.771561172376096e-16	1.036961642586336	0.6583241602976037	0.07541535965728038	0.0	0.5258325490766166	4.281994175114878e-05	2.171504701064553	2.031708135064036e-14
Rmag_0311	107	0.01452947242459732	0.0004946995966482737	0.7209873819334328	0.1583028257011343	0.09818052039037495	0.004896339973287311	0.665644777730869	0.1970820618317869	0.001134698697848912	0.001632928068183825	0.8556501633393648	0.6301431925231886	1.361327467900847	0.1317378933614382
Rmag_0327	235	0.1815090693076107	0.04275919525102734	0.4259269959854894	0.0006725658173498683	0.5554483952340742	0.07823652812241777	49.99999999999989	0.2724073591998437	0.4764879145232045	0.0221115433799427	0.4415083773931196	0.01229364633263952	1.037331639857119	0.8550520726504417
Rmag_0328	241	0.5327813016963483	0.002591790069195299	0.5527182982838276	0.006438892754566217	0.2939754667121269	0.0004257629079383873	0.09868170492719837	0.2980946687607319	0.7179870275262802	0.06692073292211864	15.96033147487907	0.2451735918336169	1.844007711784463	0.00136820980843988
Rmag_0329	322	0.2088853461592875	4.459649749488648e-08	0.2630278126092452	3.22934797791774e-06	0.1811702464646043	1.514057527374213e-05	0.4188612336079177	0.4078098196834078	0.03685402897374808	8.592143663221918e-10	0.5519602277197904	0.01604017187013695	1.760620641008728	2.785710995212298e-09
Rmag_0340	979	0.5176118088752746	7.138734048339757e-14	0.6290338565650531	2.270214016775185e-10	0.3118539631608619	5.551115123125783e-16	0.5608045564461298	0.0150900136314398	0.3583915313913129	0.0	0.9288323845942367	0.3013610494986788	1.965542764442917	2.220446049250313e-16
Rmag_0341	371	0.6879895839060427	0.02212133993438015	0.7473425516278418	0.2120105826377128	0.6307397990841431	0.01456640996894754	1.52300416794154	0.4523445107871485	0.6051215817732868	0.002278591662418394	0.9491333287951146	0.9278894004191588	1.30167276060126	0.004844977126114869
Rmag_0343	111	0.2905016032531433	0.0002227519316699844	0.3485925537278709	0.01664834578493024	0.0	0.0909132213708983	0.571239602876535	0.05855481429905784	0.3613310865661062	9.857214877229126e-05	0.7042805904800041	0.1083294945099909	3.570043310147549	5.271961471486897e-06
Rmag_0345	478	0.4270312184213446	0.0	0.3598832844478821	3.141709115084268e-12	0.3749401344538529	2.726925352192211e-10	0.6708206770978451	0.001223407372693663	0.4022412758868901	0.0	0.4558284619695004	9.382539190028183e-11	1.410463704145348	3.272093826001132e-06
Rmag_0349	276	0.6135531403334982	0.02502825726207103	0.6168647906290629	0.03785714550014441	0.6117820432391524	0.1350165462713323	0.03018021085700856	0.4333908143583396	0.1897287902118795	0.007839129914783638	0.8314316666023254	0.6493668561858653	1.161833736578986	0.0408069465646651
Rmag_0351	432	0.6119843114334046	6.293988474181944e-06	0.6042678503557474	0.001805369239041954	0.4987817647536869	1.839176233531248e-08	0.8523446696715263	0.287624359552742	0.6418068585947391	1.115010439178832e-05	0.8295307637931926	0.06750852816001274	1.419604420453645	0.00135190371145677
Rmag_0352	373	0.4815881301286352	2.988201845599558e-05	0.08666312684753083	0.0001429963361729847	0.5314768308435992	0.002728543185835486	1.180458976875552	0.1199623319430412	0.4305758053931197	4.124394514803953e-08	0.2218789807183697	0.05305154357059039	4.253089703061462	1.020961093445294e-12
Rmag_0353	659	0.7052332834305856	1.751277666217632e-05	0.2029049130077443	3.544225273266477e-07	0.6955193264867799	0.01303713203604873	1.047471932608854	0.6079300445194202	0.3341605696009583	0.0001160009050291677	0.01664117022602509	0.001737134353105851	1.585571607585233	5.585319200140937e-06
Rmag_0354	161	0.4206445818096989	0.06907945851341513	0.3445863521335615	0.3798846029031956	0.02642334579818804	0.6361885155259022	0.7182319247654249	0.1982976142451432	0.3163340040298644	0.06446474388270662	0.445153904357849	0.05503638771089236		
Rmag_0361	763	1.657050353962156	0.0145856387035882	1.320375775547553	0.1871580701192471	13.24255039912274	0.01869672453999138	1.258204342467565	0.4218704844679717	0.9328165200311462	0.697952831717188	49.99999999999989	6.344850178585659e-08	1.652327100967389	4.299371969551657e-11
Rmag_0362	195	0.9195138542296466	0.7744052201378903	0.8084537985590213	0.3850102974852446	0.7029246728146886	0.2939768538644061	0.1189455977394298	0.4011937770594167	1.071722173436533	0.9109993931010522	0.8762548738200688	0.7795571968568924	1.192149497057862	0.2992528095305316
Rmag_0363	457	10.8317512147373	0.0003638985863531063	12.10118286050678	0.0002220437104482054	0.8411099862032848	0.4892905882914851	0.8856439828634862	0.2342072441167357	0.8984373145424546	0.4705158708116991	4.778384816617182	5.819399784279256e-08	1.78622406333188	1.389292259013075e-08
Rmag_0365	690	0.2908290696869679	0.0	0.3078812412460379	2.331468351712829e-15	0.03625521070538516	5.013079951154964e-09	0.5808650695450833	0.1513661715531088	0.3938813705071977	0.0	0.06284418648433533	1.593025732438136e-07	2.558028148292586	2.033506696363929e-11
Rmag_0366	329	0.4812730212275017	2.361291996155757e-06	0.4573227212738355	2.683865130248542e-06	0.5517914976418631	0.007013838305084619	1.138909591756439	0.2976052475058971	0.2895125188752115	1.770858627736516e-06	0.6290051264866476	0.002827828677044342	1.301930290508128	0.01351547531502206
Rmag_0367	214	0.5789618268637022	0.003130283126828837	0.609254030200935	0.01053171974300859	0.4259917670629862	0.0186253606682899	0.8495655067105885	0.388285813148433	0.1409520832735085	0.001785938849208413	0.6163524227518812	0.003947089985682162	2.546574213423379	2.840710344731434e-08
Rmag_0368	617	0.4027690891783156	2.522981823460668e-12	0.4809720276659699	2.802219567499264e-10	0.2570759260302843	7.265998913652538e-11	0.9972395759147118	0.9184734418530163	0.3462060164866651	5.589373408554366e-11	0.6243876466398885	9.87149203900417e-05	1.583497095707413	2.69862126434095e-06
Rmag_0371	204	0.6568769076138324	0.0552345131794244	0.3574556097254372	0.02253446912511281	0.1648686256632979	0.00117314651247924	0.3263889715567108	0.08222768905303035	0.1408033009812225	0.00355999552983588	0.7799464952651582	0.1877159899675179	1.843760352727711	0.002954917490311515
Rmag_0372	478	0.4296039655160507	5.976119599182539e-11	0.09387127981801958	2.838840273966525e-13	0.561744713160622	9.746623375050945e-08	1.079882251495395	0.6176364715561862	0.3556771596303535	3.388400671155978e-13	0.8615715931416785	0.1804338775645977	1.400198799900806	7.768404818830899e-05
Rmag_0373	600	0.1788768882161063	3.996802888650564e-15	0.2195432851005812	2.669642285013651e-12	0.1453795246075827	3.723044095238492e-11	0.8086057659874905	0.2999563535277394	0.1934014823345618	2.334465953879317e-12	0.09313696771245139	3.208454978365083e-07	1.775202698039003	6.514091199782968e-08
Rmag_0378	161	0.009943063613544235	1.381588177196136e-10	0.3507201384732673	0.04170557843922262	0.3679454844078345	0.366434720960308	0.9870172880704555	0.9719916180868199	0.3057102805394976	0.02550010268505554	0.7718149399621329	0.3003518437312305	4.156930258988293	0.01214397645999576
Rmag_0379	165	0.2466848494815813	3.202667829826922e-07	0.532779498111565	0.0003007615734113012	0.352699025586151	0.001893866156745916	0.6906292205509873	0.1460202632327618	0.3343712473068465	0.0001644344201595649	0.4438954144333095	2.491896212264422e-05	1.580419913554887	0.1507236732756305
Rmag_0382	368	0.158617514577137	3.609216558730921e-06	0.1806154364009727	4.305197288356766e-05	7.477969963037384	0.02230441106196768	0.4440382302186772	0.05133413303562373	0.05824937597169315	1.819512471801232e-07	0.6981616236610094	0.04370216505446578	1.25797320582712	0.02062482115459752
Rmag_0384	362	0.4261251763299375	2.996303433144831e-07	0.6578328270813938	0.000295334454070928	0.6696052334908372	4.059527068722701e-06	0.6219891941364893	0.1175870076999409	0.4908279824655026	3.843986562390711e-08	0.7318277549408898	0.04679447304127304	2.020498693932087	3.109096218478768e-06
Rmag_0388	201	0.3049556492309154	6.626918037655471e-07	0.1212455908704705	1.067808962251782e-06	0.3462774180298181	0.1076799345875056	1.352450698484841	0.3024325445312674	0.2227340678516163	3.737457845431891e-07	0.6428623900183551	0.001638920876758432	2.053471145350249	3.053241627426484e-05
Rmag_0389	109	0.7643713377210662	0.0390733385603721	0.6822124624724927	0.08601058659933658	0.833611744816394	0.2370350624493442	1.201917150801836	0.2186190541391648	0.6891731053575113	0.01284384687644369	0.8804790094183398	0.3842789617338919	1.319040603854608	0.05859738717605223
Rmag_0409	334	0.3125196666285939	3.082401001108792e-11	0.3061074765632417	4.955208465773353e-10	0.2810882935065886	8.81827250921452e-05	1.154030639506694	0.3585697530318147	0.3102572386352165	5.555556015224283e-13	0.6119045158531914	0.001225664188293174	1.78309447755387	3.259841322078572e-05
Rmag_0412	350	0.5044535495890423	1.35947919588375e-11	0.2893431626509154	1.180480507145809e-05	0.4629249613165835	5.48565304292481e-10	0.9333895296205919	0.500309162093864	0.4589401665336064	1.300655139147011e-10	0.5285006947079729	1.262345760144612e-07	1.480373878337195	0.0002008018690475843
Rmag_0414	157	0.4338510016119523	0.01320184365406019	0.4863151955927386	0.00350765117507279	0.3561532798167182	0.1242142616535252	0.308061064432175	0.3676967198266926	0.2925371185810093	1.804436315089308e-05	0.2983294156754235	0.01801825333810247	1.428471191122551	0.07774208478629752
Rmag_0415	263	0.5522344224183202	0.03919905305478144	0.1413827772676875	0.0001001747330727776	0.1643277627919644	0.001472295317177075	1.078603739140347	0.7479931144078228	0.5135949331345151	0.01022243633295983	0.1092548693704645	0.008028641245742874	1.295143598960666	0.07067587728557267
Rmag_0416	293	0.9602194949138727	0.9071729042693149	0.9045451705945374	0.7294346307956479	0.8404977856140684	0.5822737422344321	1.954742860676991	0.30639017668799	0.07127638542932406	0.01612362460793282	0.09232919161439179	8.938255350310342e-07	1.563514368157713	0.1899810768574866
Rmag_0425	392	0.3184322062660181	5.951816817173494e-11	0.5162844245253385	3.48282569451186e-09	0.5403288140542227	1.869391836883949e-07	1.137113460414191	0.5146481387080647	0.2781976280525112	4.020228594470154e-12	0.47591375716356	0.0005998292412184858	1.629588266828375	2.228598416920136e-10
Rmag_0435	279	0.3127039442864793	0.0007182912124079621	0.3968532975727651	0.009731988173176886	0.4738354634547507	0.005507723068328807	0.5697482280821429	0.1811468895594199	0.3853489995782759	1.380385564186959e-05			2.532113501403841	1.935751713955103e-05
Rmag_0437	239	0.7790285131486109	0.3585401621791247	0.7758804787018151	0.4418928202894739	0.8343199141981696	0.7006460418857147	1.56042916130588	0.424353999510019	0.001406656303043588	2.285690145087393e-05	0.8418040428667366	0.3753434036619456	1.629147066317284	0.0004005518741112546
Rmag_0447	350	0.1749420177729842	1.281066808189735e-09	0.08039258710456894	1.777510805212046e-08	0.1758553939352568	1.918530302291721e-06	1.220569389105718	0.2494796367544863	0.2041782734258839	2.538924626094285e-11	0.7325962497337151	0.005618534527741526	2.107895987876161	0.0004418135569234094
Rmag_0448	260	1.221075818869775	0.2310591571256099	0.9992350660017583	0.9940160595317292	13.36783828070259	0.0225240217388748	1.809966818277591	0.01926056373572627	0.952215351035033	0.714321318738182	2.203192889926759	0.0007100135042608091	1.722230996928514	3.213422089531903e-07
Rmag_0449	512	0.4685690878537441	2.265033855464171e-05	0.4679962674743113	1.014724781533971e-06	0.5673307503378192	0.044285987349034	1.90953522562692	0.009566076807526191	0.4597415114889544	8.929328332296649e-08	0.6133326472671716	0.04111636139704122	2.008900030068797	4.263256414560601e-14
Rmag_0452	301	0.7673878893448796	0.2044541866961607	0.7517912304622328	0.331382026480833	1.718218828173824	0.1773002346881172	1.097788297078909	0.5925245261990917	0.7181341921289824	0.132583758684487	4.639058056463892	0.1200179327572398	2.254690039603288	0.002140388166920526
Rmag_0454	102	0.4616039440864095	0.005838876822283345	0.4475557795959344	0.01020323080530261	0.1025335353796214	0.02075738050776932	1.083864907901242	0.8253558719029421	0.3566897499475091	0.0004360747225542472	0.6750579429256484	0.01467567743948439	1.843073995180244	0.01028558586517536
Rmag_0458	884	0.7219494350740043	0.02646123251795596	0.7962022217374113	0.1246038721934066	0.5476956129917562	0.004679280820924725	0.9057898973559868	0.586572954310409	0.6208850506887957	0.002745657398978363	1.034719168202866	0.8061905019196731	1.538613452207755	3.045799382705994e-07
Rmag_0464	918	0.5831098484611806	0.0	0.4669922201745079	0.0	0.4953554266680724	0.0	1.06032913778343	0.5262869991428842	0.4467721669418169	0.0	0.7828296136427279	8.338017712505863e-05	1.598820603290376	0.0
Rmag_0470	388	0.5785128611336661	0.001085251228159501	0.678454058299329	0.02631504008987529	0.4382533651428271	0.001754791304283798	0.7067278120822338	0.01910348563259079	0.4600215510714128	8.499811506856858e-07	0.8586566206700629	0.3491199394222509	1.782009067108417	6.267004559745715e-08
Rmag_0472	132	0.1838188995162736	0.007072677044351661	0.2565593582263893	0.02630946003213086	0.1274369844514038	0.00289731327196785	0.5492150996633931	0.1079901533707325	0.3802246140338632	0.03757668272073311	0.885644077612923	0.8659595023930763	1.097609107763631	0.7318826288417186
Rmag_0474	473	0.655203726273971	0.002825245075618876	0.6560533674657669	0.006322449740837954	0.3105623580354792	0.01738553486309435	0.9266433103985572	0.5076566256092268	0.5728749288184538	0.0002416261601866365	0.7679347909808678	0.0675813139636543	1.264167275072912	0.01428375724999853
Rmag_0476	108	0.2060143945616126	0.004574379238738824	1.642987704190887	0.4294327380702848	0.08385827046920988	0.04057425784309177	0.5906815544666418	0.6153245553648852	0.1944026683900907	1.067526701215016e-05	0.09690147831282175	0.004105545497091745	2.822130728490949	1.471944854336549e-06
Rmag_0482	293	0.547726021782761	0.002775412498105645	0.603465314558838	0.01613196082097024	0.1409450752222697	0.0008729277786649892	0.6042075688940822	0.07729150212972846	0.4745314435047626	0.1193510927190314	0.5193964745470833	0.003034103836048296	1.478928464649695	0.0005729375052614394
Rmag_0484	341	0.7528150087806298	0.0675516834932961	0.7099156046996902	0.03157616550086273	0.6804961603643657	0.09302098789383839	1.300786011445173	0.19283728742128	0.6297610888205254	0.04914116704980531	1.180467153840726	0.501308907436458	2.27840000984903	3.051867927261753e-07
Rmag_0485	73	0.406329941943285	7.51164026757678e-07	0.4054220764618124	0.0002242027972586547	0.521181733421685	0.001768722613933238	1.112240036499596	0.7551082812265241	0.1750028114936746	6.786338891173749e-06	0.437091218738671	0.0002245700988623422	25.54863699763455	0.08026091172200378
Rmag_0487	236	0.152645382629029	1.787867517977215e-05	0.1813527851218647	0.0005343942744771013	0.1332697632411576	0.000164362733577561	0.9739819620864709	0.9548963997005124	0.1452560494994717	3.739830653937126e-06	0.0750585648524444	0.02718444573533751	2.323501572827324	0.0001720964288403071
Rmag_0490	251	0.6704123067553782	0.01681405301398198	0.6686389142309116	0.01852630793993471	0.3869247316471207	0.01184469794189547	0.01586395674522701	0.7156082857544939	0.3677530638609305	2.566645670221135e-05	3.819521906022647	0.4566139405693687	5.292137509937805	5.304795534288864e-06
Rmag_0491	268	0.5284418531907387	5.215096132715757e-10	0.5071377600494679	0.00108782654952444	0.4518549299378498	1.854938425083219e-11	0.7619094176939193	0.0281509183170624	0.4827848195981834	4.517386464897299e-12	0.6489936744717322	5.602680229532808e-05	1.909664852392225	0.1645704890799708
Rmag_0495	184	0.1283343617830149	0.001749686401815054	0.5617392967120985	0.1099733461053769	0.4899602674473974	0.0488758937079542	0.6511487280165948	0.1138241689753099	0.5590137156679778	0.02432345169565364	0.962737651792709	0.9519635053948974	1.777339092008732	1.642672240009801e-06
Rmag_0498	471	0.07454420314422072	9.632294961647858e-13	0.08029630006063523	2.01590966142362e-11	0.7073002820819638	0.01910912119093799	1.065965318786262	0.5610380420509102	0.02762511826006388	1.13242748511766e-14	0.6324244415064498	5.391166392199054e-06	1.242275975031448	0.1377145537746107
Rmag_0499	350	0.457329698469033	7.568191219164966e-06	0.4859743421581775	0.0002837062649330147	0.3914336298843725	0.001984952216019131	0.9030342816088183	0.4411067441774925	0.4344744092902249	2.208164606720686e-08	0.7004710426114152	0.02248363667861752	2.532199760320025	3.688498342313551e-07
Rmag_0502	556	0.6861320914128465	2.484834871196995e-08	0.3735011060477453	3.190031572231078e-10	0.7190022385364168	3.260875633226412e-05	1.183064650133231	0.1374584293116461	0.53272703443892	3.557476535576143e-10	0.7959436516837775	0.00145575773637252	1.236400413589286	0.0001210419771133786
Rmag_0504	206	0.2495846554843656	7.817094072049002e-08	0.3017536909019334	3.334249907283038e-07	0.3874454580870966	5.533476454766539e-05	0.9214778328726216	0.6494730389685399	0.4179505336440276	0.0001715127180422771	0.7584286944906535	0.2861285786346818	1.880717210244929	2.642139824493572e-05
Rmag_0505	364	49.99999999999989	0.0	0.9371323989240519	0.7446958943878841	1.439651244645744	0.7237233446762997	7.499797982134316	0.1155512983345635	0.7622678122507295	0.09889711964497094	9.706365662724968	0.3107124764781989	1.386394413973549	0.003548456797641375
Rmag_0506	186	0.4700788275993972	9.351034067495156e-05	0.4622890824566007	0.001025741984343576	0.4517417575285415	0.00558860307785658	1.033673604831805	0.9093782509956123	0.3669830172996955	3.230911881979548e-05	0.08071591748740636	0.001509357942358736	1.830543416986332	2.600393108287413e-06
Rmag_0510	169	0.1297885057121234	1.018862771928752e-11	0.1926219442055752	7.907934307382902e-10	0.67987035531895	0.02172006597818898	0.791012487229229	0.332197047793749	0.117862913764398	7.44471151392645e-12	0.1883651098755351	1.043126691968599e-05	1.455123886026423	0.0250739599542279
Rmag_0513	725	1.105491559529982	0.6434464504335984	0.6881205575993429	0.01000845473018053	9.752253797657227	0.208711103455108	1.886519790820357	0.1397703067288586	0.7746047042544082	0.1001583011146184	12.51482225200537	0.0007029050604602238	1.58940986546619	4.322098234865734e-13
Rmag_0514	82	0.2750628102684819	0.0002936486458027243	0.2244841973795184	0.02096469244536769	0.4094486384717222	0.01807353355035324	2.07366149418088	0.01817815930561817	0.2823370206263654	0.000516706509417153	0.0	0.5837083550571972	0.5793423972027756	0.1771910083172489
Rmag_0518	441	0.002138297994891096	9.055116194645052e-07	0.04037283225618311	9.44526256096978e-08	0.03611666698464856	0.0001021811915200566	3.75807200679078	0.01883039190549007	0.6280771400942943	0.03117300104047271	1.014075791230446	0.9718261975890036	1.348973403573134	0.004733972569928913
Rmag_0520	631	0.2692051682653001	4.933955111141586e-07	0.3956221102831255	2.008378530149457e-08	0.3523009195996041	3.686893577325989e-06	0.382987090617861	0.0747930091438257	0.5690156811894631	0.002781445353218781	0.01866853257009629	0.000698412072676402	1.765854141650566	4.284778476471018e-08
Rmag_0523	772	0.1109005364928571	6.238728311735997e-09	0.1003527521451593	9.214836732529541e-05	0.1537212414152549	1.962981721614909e-08	0.8898344088562785	0.4438844876949692	0.7259403452216396	9.94067588910852e-07	0.934518799777625	0.6739418268795621	2.880210055114654	4.945656985055891e-07
Rmag_0524	378	0.03888723983251201	3.277267346391e-12	0.01189920111123073	2.575939461735288e-11	0.04150398879111111	2.142723246723044e-06	1.08923324227449	0.5002407993049585	0.05426507916413972	7.274070235041563e-12	0.7846536120012305	0.07572197796680324	2.677650782249668	2.787099596668341e-07
Rmag_0526	229	0.5176042661862501	1.232078746249421e-05	0.341678501237108	2.552567804137151e-05	0.4156254980772136	8.46299039173326e-05	0.7465033703096255	0.4785129822747842	0.3232031467920173	5.033336260451549e-06	0.4389106455904438	0.0005658055122204075	1.199180670660494	0.1174793262182244
Rmag_0531	439	0.2995399785792759	6.238286413218219e-06	0.4904426112435116	4.399911816888036e-06	0.2707204781254486	9.41028255319054e-10	0.933389326977196	0.5792287211367526	0.2904399328351324	9.992007221626409e-16	0.7674470058430707	0.01531040577323273	1.898876231962169	1.534819071835614e-08
Rmag_0532	375	0.4849204746907215	0.00243376343043411	0.3636658859712463	4.293320663295574e-05	0.4297604761841878	0.0661836717274843	10.51719884694995	0.01597950792319691	0.6469623759508323	0.03162726747065359	0.1813603148340173	0.01911171886166907	1.36061269590239	0.4838176912636971
Rmag_0533	288	0.4970629265479219	0.004043774054836802	0.5422631798058577	0.0001240951031663551	0.6284897495146186	0.3623105602963383	3.227647083308678	0.3242449586844584	0.5189886114317099	0.000258208095538115	0.760540806985833	0.01251263488628573	1.289945188234849	0.1515620610649757
Rmag_0542	205	1.716326993654062	0.6430124788879974	0.02503315799820109	0.000645584449982417	6.381437166701589	0.08313884055189147	1.313336364868035	0.08486770575840974	0.4423783365897297	0.6649641041708606	1.225352971680579	0.6995247804730143	3.726559542049514	0.0265106378669574
Rmag_0543	321	0.6114573013795962	0.04976295015860588	0.6065466768879767	0.09240761155609656	0.5606429813284483	0.2192687484583199	0.968661547518489	0.8447431769819467	0.4726637232107417	0.0001889278674134243	0.9487146702063108	0.7770164697729762	2.000776494080331	1.194871024012834e-06
Rmag_0546	342	0.539144259232668	0.01803159968125767	0.4844382186199232	0.0009059755376338297	0.7055069481413675	0.3955999694515314	1.691283566577785	0.04884665974369051	0.6069344655279206	0.1859863564231972	0.6252756896614289	0.07322433753547064	1.402319691100569	0.003245926354549455
Rmag_0547	266	0.3721294213190349	8.640379944857557e-08	0.4065429199760496	1.098917350195183e-05	0.2062382592997416	0.0004211813576504575	0.7319401570698945	0.1300310058602887	0.3745218323768062	8.11352318663694e-10	0.4125813729533186	4.250674630679185e-05	1.317718412482104	0.005863518880518614
Rmag_0554	343	14.42631354606123	0.1342601052627951	0.1517574957507332	1.272396665807918e-08	0.04461476134277498	1.729467680178232e-10	1.577225547589031	0.06997152522941086	0.8279854086665733	0.4826454216299167	3.245385800818384	0.002201165935975302	1.486826933757061	0.04310742011127011
Rmag_0555	148	0.6580923237614521	0.002244018629029565	0.5558971648811005	0.003899103835659834	0.7282000978000152	0.1810006032779633	1.07824235843766	0.7796744786257712	0.5921834836195943	0.0009098225633347168	0.7900272735648018	0.09719016757139509	1.341637874905683	0.08064472795331823
Rmag_0556	265	0.7746839706855042	0.3184399796785562	0.6530484065897133	0.1277667907202759	0.8515185400913711	0.6563527831520308	1.220025194563299	0.1401923516799206	0.733905268107156	0.05731792196179575	1.244500029693716	0.3489373229399866	2.381606611190241	2.765439673590997e-06
Rmag_0558	89	0.4173841039431117	0.02323219143350297	0.4498529506573417	0.0170826656300066	0.00818232489724035	0.01879956194031218	0.2162450042185344	0.3316656016670527	0.2877383874877112	0.003214661117091788	0.07893959511761961	0.004628477069661741	0.985390535938805	0.9570027529648404
Rmag_0559	232	0.5097895781053596	7.679587506104202e-05	0.5621007713131143	0.00431741354895232	0.3423824410651066	9.473672891391338e-05	0.8253510307590546	0.2739746056700237	0.2719963984103821	2.330579063070104e-10	0.6260193914315615	0.001058475970006745	1.925213872399546	1.529150254520051e-05
Rmag_0560	287	12.67151189703128	0.05049612624471744	1.703133856047772	0.02460896799952561	3.292391090829906	0.01998968641815224	1.188929367758497	0.2370960029868062	1.096255321108797	0.7054509267120754	8.805250015271016	6.307965121399306e-05	2.249999569246126	3.430184130071012e-06
Rmag_0563	640	0.3883077909646271	0.0	0.525442274372627	4.584534440965626e-08	0.4567608234948478	0.0	0.8765332963213524	0.1801795555403338	0.3346447469493253	0.0	0.6765221114843609	1.109670133558893e-10	2.038781476827581	1.084043632637588e-09
Rmag_0572	112	0.68156584782648	0.1738677794576838	0.4362258830362573	0.05039625675969417	0.2725925444941991	0.08901610287995765	0.7266046382983598	0.1908800419685193	0.4595167345552733	0.02381299358041888	0.001173976041831396	0.0289379675110536	1.937013027219619	0.004690695153420243
Rmag_0574	172	0.2302096976789504	0.01492738545644623	0.4547742584913014	0.008781460000797159	0.3451969435079493	0.04217253246091501	0.1457402036139437	0.1190050374100978	0.3689477523698841	0.00148772562613686	0.6520521609494523	0.1042669838481849	1.538243639906758	0.06227838050882495
Rmag_0575	107	0.5180097045810894	1.842144725894279e-05	0.4976282561935396	3.381430844806577e-05	0.5482180639603178	0.3123988717519984	1.094705329236099	0.7301482123089236	0.3861708557135893	4.507909690198986e-06	0.6417332885901703	0.01621878946904654	1.641402506423864	0.0008261289143534079
Rmag_0576	126	0.604473446660731	0.1529803519064156	0.6134925014068716	0.412947984853592	0.585295139460597	0.2315939028099189	1.180074959247973	0.7097279325016397					1.16735448629446	0.6020513254642091
Rmag_0577	406	0.5619534831537601	6.00821964835685e-06	0.3127748465341945	0.0001799274126039752	0.4767453096157442	1.112610693465577e-06	0.9240239007266284	0.3416175788614733	0.589040580149828	4.556069710393018e-08	0.7976314176693252	0.2377749592269713	1.959378824899449	6.934553634618812e-05
Rmag_0578	142	0.6386443343084196	0.07446544433300384	0.5955046793226839	0.05436324866391673	0.5665110950572635	0.1193617583429083	49.99999999999989	0.1221427849406526	0.6509179846889064	0.1381710568049457	1.019596172666357	0.9525986308211015	1.401871470255754	0.01357866079687209
Rmag_0579	247	0.5289606423247805	0.002290411333353948	0.5939997118415073	0.01260283746097746	0.3658545992603676	0.003011783225010944	0.8283958670118361	0.212537285485679	0.4511287886443831	2.941678642898182e-07	1.239046732619945	0.5121261896549649	3.147721258096769	1.513060121638432e-09
Rmag_0583	174	0.3666598402543535	1.40939251551675e-05	0.556632869972825	0.1056175699292916	0.4866500855739934	0.001161669488283223	0.7598990651328936	0.6818902290200304	0.2874114253053086	0.000574698497391557	0.1400958506060127	0.6756153378353855	1.558577929713259	0.0004124189213743357
Rmag_0587	423	0.2942442407630417	7.665006074297764e-09	0.4863517575197273	7.750380337512297e-10	0.01530814004110389	2.091348205723875e-10	0.6205901383914888	0.003411598325636422	0.3487259999885541	1.620925615952729e-13	0.5305376744204667	3.570421824861114e-08	1.776869997222028	1.942390692732943e-11
Rmag_0592	580	0.1002863053420572	1.956982020878684e-09	0.08177494775141445	5.965228311310966e-11	0.1478372876510423	0.003018437293408338	1.837915370846146	0.0002619316475440669	0.440388468867182	1.147728911909951e-09	0.6338605975725735	0.01595730409013341	2.062769674525719	1.110223024625157e-15
Rmag_0593	236	0.164043686324609	2.742678975486967e-06	0.4412124560856276	4.796751142066569e-06	0.2323511262988135	0.003231391853770083	1.085440326540982	0.6326038795809343	0.05399936857400427	3.786919407722245e-06	0.1949456543170311	0.001180339542838804	1.205941090554272	0.2166989025076697
Rmag_0594	533	0.4030613414220607	3.419486915845482e-14	0.2933068775477288	6.739469093908212e-09	0.2992226694116762	7.659539669191417e-12	0.9203341839858611	0.3540227787402697	0.5992073653392346	9.2148511043888e-15	0.553989333685124	1.752386522513305e-05	1.492722547742574	4.066602043661938e-06
Rmag_0595	172	0.6166293888073942	0.07199198696925568	0.732166959650602	0.3886619054087019	0.2180485908538281	0.01105072779786676	0.69371426141815	0.2485970669370626	0.5854824971265965	0.3131729469309907	0.5164540885205419	0.04561096926511876	1.341704358533423	0.2353812470683061
Rmag_0597	225	0.2417239410725151	0.0002066152118478382	0.2867403587196743	0.0007982751404953525	0.4953898670597109	0.1565339843590986	0.8339803107515182	0.6708371669847091	0.3486771912817548	0.001044678695363399	0.002227164717107849	0.000423354946371246	0.2004649110813793	0.009113489690977916
Rmag_0602	454	0.6539957396968746	9.623781471546078e-05	0.657883144523117	0.00202978601984094	0.3085409851072486	0.001419070009527124	0.6577115240969068	0.1683982156753977	0.5429805293397201	4.969200817495079e-08	0.836801873282396	0.3841266589235763	2.989370892915432	2.792765133485808e-06
Rmag_0604	478	0.1898764602104697	0.0	0.01178641309423019	1.727156195840962e-10	0.1725330610388148	0.0	0.9645616055886914	0.7564021097025885	0.1626733518239685	0.0	0.149993008696961	1.948700994680586e-06	2.56571907341613	1.893674717035054e-08
Rmag_0605	266	0.6920906160409579	0.01377962311671777	0.6834428159220495	0.01904700394977943	0.7262596792377609	0.2927408376273862			0.5997660880811204	0.0007231597938927026	0.8496509272542713	0.3245192768952934	1.336255664941761	0.002767804844529653
Rmag_0606	611	0.2430485928894775	0.0	0.2098080913648225	1.212229761016204e-09	0.2310277939247466	0.0	0.6986659782466066	0.0006091098199754175	0.4773223353504404	0.0	0.3412655892523408	1.899047374909202e-08	2.374254756479159	1.43721368139893e-09
Rmag_0607	149	0.5577873524995357	0.0004095470516668476	0.5690156447954485	0.006801099389466159	0.1188671943389979	0.0009419841725429867	0.1229753034085685	0.2831535711235567	0.675463998538134	0.05434378595278477	0.3739237163394155	0.002953094489636321	1.532268198856884	0.07823490216688112
Rmag_0613	316	0.1669159609937151	3.00711677780896e-10	0.2093974589333533	6.311946521009304e-10	0.3616480763523736	0.0009050246455798439	1.186017938130953	0.4709661821583045	0.1296371035441329	7.395195567028168e-13	0.6740895759184639	0.001253602034014478	1.873583657644873	4.202371783890158e-11
Rmag_0614	240	0.4207073010483278	0.002144382668359479	0.5006347684780558	0.04111728922196234	0.2803997512383027	0.003712621097322399	0.6379047493771056	0.2111697212551041	0.309523799269992	2.089741499955444e-06	0.859896754547703	0.3575577985493754	3.505355962171354	9.021461594427294e-07
Rmag_0617	281	0.7164864800800428	0.009545480660314465	0.7424313535347119	0.121070098904033	0.5965621423873562	0.2610230352930538	0.845707746111699	0.4553791328349034	0.6829728560930788	0.01307538731190461	0.8275271522103022	0.2178601502700708	1.204528222617469	0.0337570665816026
Rmag_0621	315	0.2217329944258119	0.003543463111066125	0.4724317600345918	0.010911087835762	0.347539898978138	0.1521034247602661	1.773255081438742	0.4668860689300892	0.1290107108117654	1.291624147525816e-06	0.6033530802209548	0.04770948324775559	2.210211903280809	0.0002334206796058558
Rmag_0626	366	0.6849095164205157	0.1177334312861847	0.5774343064928552	0.0007627322041796614	1.196985569088062	0.5805671372190956	3.233675262670529	0.002129657604105217	0.4716573408029394	6.167689686942257e-05	1.730432666336281	0.05992948435318435	2.958301420848747	9.992007221626409e-15
Rmag_0628	359	0.6591969639247128	0.001890597199752486	0.7012971153508953	0.007643767082376685	0.7337943237616958	0.3104161253541762	1.047907825883342	0.8119800021830872	0.6293520433649127	0.001323971560153847	0.8200442075787662	0.1000922759827204	1.295712141994612	0.0001727258228739759
Rmag_0640	156	0.7462524377150147	0.1414600529719836	0.6724630913557029	0.02009468788187041	1.063986597354484	0.8848842851335509	1.445403699054272	0.03813923980232015	0.7320348791710473	0.0741273120454734	49.99999999999989	0.001205110571816825	1.147099093187102	0.2235072940117402
Rmag_0643	341	0.1373424462134094	2.263713609895746e-07	0.2014628188558434	2.072353255544446e-05	0.1339968527800093	0.0003073999772009728	0.187499518380477	0.3254732428902938	0.220108020966287	4.980571710611059e-07	0.4658573338310181	0.0003725557676498292	1.544739520133581	6.767491496240119e-05
Rmag_0645	125	0.09568552695767318	0.06263914966044293	0.4021604080392162	0.006092340704811794	0.6716339695997392	0.2187887350561774	1.634727008496043	0.06600888892029233					1.125554347643447	0.7896865572811267
Rmag_0649	575	0.7743404803553684	0.001098160294775719	0.8083827707127201	0.03975408272440029	0.5238318794473288	0.0002821443724769779	0.09166930144403786	0.02190068959957836	0.6605561693282183	1.013683449402336e-07	1.095960323118378	0.6408266976491972	2.56740071683164	1.448461572906012e-09
Rmag_0652	159	0.4600225505827618	0.000225272322613157	0.2528398574940217	0.0003363813803564097	0.246396796310921	0.02615836631106605	1.036013476659217	0.8759781619323632	0.1929964781913645	7.824913952947377e-05	0.5747891142326332	0.09158449116530964	1.27924733301175	0.1879779508919234
Rmag_0659	162	0.7033789518672172	0.2004716135512159	0.8050555570892362	0.7723382563485606	0.5000592400849546	0.0296656249581212	0.8769261997332988	0.5552019105759031	0.6270337529289147	0.1545972117716999	0.7324538324007281	0.09488076351445485	1.333558828237142	0.08702657197066321
Rmag_0665	85	0.2490973348814579	0.01860589464427598	0.1147898309184596	0.004355288108625177	0.6869440330629573	0.6507323496889339	8.958170635740762	0.04149154862043736	0.7714334624517617	0.634005569215556	0.7842625505516738	0.3247624826804343	0.9185526108239791	0.8484299685595549
Rmag_0666	151	0.4111230591743258	7.939022588221434e-07	0.3702412730616994	4.803893672855608e-07	0.4036900284128447	0.0007759519327455999	10.10910739777903	0.1152924240598114	0.3308061575807424	4.449118851113099e-11	0.275867567522905	0.009273246631001486	1.96756902352271	6.703339658131746e-06
Rmag_0673	471	0.4809134642880096	0.0	0.5148432068868742	1.318944953254686e-13	0.4421100323911378	0.0	0.9368430843541101	0.5177180584695822	0.3985024557099187	0.0	0.5898041194050905	1.480093825279027e-11	1.563625071365049	1.286906958775091e-08
Rmag_0680	114	0.5916542002068769	0.1033558292782831	0.5698607554240864	0.1325958837245289	0.7018974912025582	0.5028096925365896	4.69511992501866	0.3352261621756211	0.2796419232083207	0.1746834234585229	0.6242652451684876	0.201904843965317	2.240534265440371	0.01092584739842051
Rmag_0693	332	0.2116753806107002	0.002062109752117847	0.6093845467121177	0.01110264465203459	0.5351239239314057	0.03606573272244595	0.8667598490119159	0.6927003169480035	0.1415970191417855	5.25727699707268e-07	0.4380813109488409	0.05978898585382286	6.713336609367897	4.700221740705501e-07
Rmag_0694	92	0.3349208629107582	0.02890901302599191	0.3425945207567243	0.02642328942819516	0.2463991726762075	0.01216442561151609	5.77300228930572	0.3953909940925351	0.448546833671152	0.7837660803188056	0.7175544094182491	0.2854909196859691	1.236862403739079	0.2571141679770683
Rmag_0714	395	0.299789153264148	2.152356071150052e-11	0.2488177025749836	1.197064669611336e-11	0.295309354044014	4.321625295400366e-07	1.260694399590472	0.1486556957464928	0.5224029737299107	2.201290757231078e-05	0.4113491203557942	4.075534785652479e-06	1.531954607239316	3.445657071998731e-06
Rmag_0717	119	0.744460470178774	0.3245696260667634	0.7224371323864829	0.293649930749476	0.8741430030635987	0.8130728436723493	0.1761527302764126	0.1230138556371793	0.4949176152978514	0.1191238121290566	1.023547695260939	0.9275193341323444	1.266228137613152	0.1803199656682917
Rmag_0721	745	0.5304393963689082	8.28281887521598e-11	0.6400944961721547	6.732976631784737e-08	0.2733578806232919	1.098493584983373e-08	0.2569563385418316	3.205968823749572e-11	0.5475212547011156	2.322605308080483e-08	0.8896655592997816	0.2701234198113449	1.800870189288837	0.0
Rmag_0730	422	0.763878363995911	0.1313995377786528	0.7634905983223091	0.1929323203503212	0.5602753809000036	0.0009006434012324149	0.9784601819170832	0.933309224635899	0.5611169462173378	0.0002043819171565486	3.016297248660101	0.009932443807077584	2.137713716105259	1.016953188326397e-11
Rmag_0731	363	0.2035860320363728	5.551115123125783e-16	0.164692848100561	1.072475441787901e-13	0.1578262544896494	1.171262248966798e-06	1.005555136281528	0.8697260043391988	0.198866862998669	2.220446049250313e-16	0.3917684452772265	1.023666684751845e-08	1.63350947397293	4.525189190029977e-08
Rmag_0732	269	0.5926027199403827	0.0004427683573724472	0.528726288227436	4.092453479098701e-06	0.6302819230141377	0.05974048155925049	1.157509322120985	0.6600553189482761	0.4739920781877272	1.13811045032719e-08	0.7221652254211213	0.09642543928252156	1.450593989797497	5.153794965795377e-06
Rmag_0733	135	0.9697996316231056	0.9011082380974105	0.6856089129342251	0.5515929253420241	1.323736490250126	0.503390269124707	1.305230283060483	0.06802276960970577	0.979675399384662	0.9368233076095289	0.9048633418623294	0.5946602100279291	1.354101161985366	0.04660204570775606
Rmag_0736	202	0.6227303699685939	0.1446449648970088	0.5546304443340402	0.06921037083441084	1.196614159949802	0.8157262573569597	18.67906458593985	0.1926058856198299	0.5255692598913417	0.04400689914854972	0.8770203927443517	0.7054800600990507	1.300252186829988	0.1043344320161422
Rmag_0738	389	0.002616358414713778	0.0003977464263281716	0.5948258603429504	0.09542607073975862	0.4414834072012617	0.005968542781814912	1.579260661213137	0.0005788577586376409	0.4389277309475895	0.003200369113298684	12.88432651645292	0.007201083426901622	3.222620513126754	7.917000388601991e-13
Rmag_0740	307	0.2661897716777799	2.220446049250313e-16	0.3464693790592105	3.574918139293004e-14	0.02163910121600357	2.524425113392681e-12	0.0231206898902146	0.003819750548067158	0.2561916388784473	2.953415290107841e-12	0.2528130765940398	1.331187660102984e-08	1.247778841196946	0.2872487407338501
Rmag_0743	455	0.1000799468583844	0.0001301517703692356	0.4750443049614075	1.768203361507403e-09	0.1016437494061685	1.171377718045541e-05	1.05126795474516	0.693842897468266	0.08993059258520224	0.002741135820970242	0.6761914040925173	2.769069679664504e-06	1.65612123686514	4.053320311614428e-07
Rmag_0747	366	0.5658206061637563	7.56150802461164e-05	0.2006518266574155	4.457890141806864e-06	0.831254564750912	0.4764473065121662	1.199295967967702	0.1234618813824948	0.5585266040442768	2.301348463806807e-05	0.6756409974510973	0.08556098874438456	1.715437815934499	0.01603796791198386
Rmag_0749	97	0.6695289437022145	0.01386641851073345	0.5704061860422015	0.005784684783715743	0.8246086078532199	0.3741860016563577	1.454123500460221	0.2212939369259042	0.6111546629495788	0.0276125775369197	0.7432698572115853	0.0881435884883277	1.240296479302832	0.1365651775476452
Rmag_0756	159	0.7707333947288598	0.3470304469976979	0.7017190540878511	0.2211505981581621	1.03152509718591	0.9491372398852076	8.988526584897047	0.1279327465393819	0.6416315037113429	0.09637303165331712	0.9175979392419831	0.7478390992455155	1.88241081788717	0.007350341796861115
Rmag_0757	481	0.4495166892063171	0.008557194699679194	0.7105767385523927	0.1869498197368692	0.3979081770341684	5.477223421002098e-05	1.193145381705188	0.6751697683785076	0.5157020007354874	0.02292954586351348	0.02126166762832927	4.140325112589327e-05	2.633189838111839	2.776012753002988e-09
Rmag_0758	289	0.003511417301351415	2.604256810201377e-10	0.01996086956072529	1.252665748907589e-10	0.02986101456527026	1.926209469704787e-08	1.234576128032907	0.4018649034369354	0.646099433401552	0.256952423882072	1.062093472090135	0.8522906362350111	1.712799235740152	0.02691432332016563
Rmag_0759	306	0.008025302246134505	5.665319009029446e-06	0.6213310908614148	0.01326407845167821	0.5459807569219622	0.09949326473083941	0.7387380906773673	0.122190881623741	0.6201917275676722	0.03402513192808199	0.03783547118969885	0.01964575514088907	1.3712103476593	0.002812520630070536
Rmag_0763	108	0.07906095408503176	1.18664901774812e-05	0.112753327188891	3.847175246762813e-05	0.1247567542218153	0.03959594202436922	0.3541720649155244	0.5306550871221836	0.141931666445557	0.0034447897956289	16.71253495021773	0.04709239758160644	0.7107273508036517	0.5922642863206775
Rmag_0769	428	0.5586744111509293	1.632848227195449e-05	0.5651799349224381	0.0001098801963279605	0.5424075517508529	0.01899877700678665	0.9662892462442124	0.8603820495465135	0.4149623956736196	1.06178574821314e-08	0.8777245522552664	0.2401183602562346	1.835507454528175	1.63424829224823e-13
Rmag_0783	307	0.3337730952457171	5.87812795838083e-06	0.2805592452137052	5.534709943355587e-06	0.4833648356812417	0.02744534208450511	2.138049998449282	0.2774775560172648	0.3152733840292677	4.314377499592403e-06	0.4306035865237581	0.0003786460186464558	1.549663453980369	0.0001401073731636115
Rmag_0784	483	0.2227453413891771	1.520561454526614e-12	0.2676893238151568	2.497316797800408e-10	0.219162234460678	1.68779246134676e-09	1.0784240074147	0.6197380395125083	0.2389035396224283	1.40666367443032e-11	0.17092046280279	1.524656960016912e-06	1.826167028979062	6.679989894564642e-12
Rmag_0793	499	0.8561221786544653	0.227287983859605	0.1867188965879888	8.135550639831735e-07	0.1625415222804094	1.017380005108315e-05	1.199446560133106	0.2150821132437344	0.6872283826880875	0.002843747654199813	0.1292128861973305	0.008042402242391389	1.539561906652166	0.01205562164781571
Rmag_0800	350	0.6408170549565971	0.0461081723597927	0.6081993209614451	0.0473722276153451	0.7279194583380284	0.3681316415175618	1.367202305241685	0.2441356267067961	0.6629267504348207	0.06748618646974935	0.7538394757874894	0.1309165940787833	1.444310845743238	0.0008123275232398974
Rmag_0803	1176	0.6586886951154785	2.993542953477757e-05	0.6735056928611436	0.0009075515400840395	0.6037253027780664	0.0008435937334306809	0.605691585803388	0.07051985480547729	0.4174995580500647	8.803713313909611e-10	0.9117446276895709	0.4405900129737449	1.963210683862728	3.33066907387547e-16
Rmag_0810	1404	0.9094464245795326	0.1714397412969749	0.4227054495157899	8.455722351419226e-06	0.4645718630397521	0.01210055502665419	1.197695227440081	0.007991476933742137	0.773767167021693	0.00282568321783494	1.315152345773681	0.004844725998457311	2.506925207254743	8.639791334763558e-05
Rmag_0811	1360	0.3126752749933353	1.110223024625157e-15	0.1911815456559802	1.554312234475219e-15	0.3596399470414987	1.404561148499184e-07	1.231235890167519	0.08385043531522851	0.380973467855049	5.687672555154677e-13	0.9222148481339495	0.2388497247953616	1.519293397564056	2.296163259529749e-12
Rmag_0812	128	0.4354142417782365	0.008396917350410704	0.5013538957102369	0.1686363521597959	0.1060061828168907	3.372242237675849e-07	0.5792169385601965	0.343579526887585	0.3420727493467953	4.111363582914862e-09	0.7673493095512247	0.2367709951679665	1.397976286125872	0.06974355867667525
Rmag_0813	174	0.07951378406566273	1.612684954510613e-05	0.07472004874253968	0.003332912889928874	0.8777385895842295	0.696180057884154	0.08767146136777158	0.4334481839390064	0.3045558764874319	0.0001183415245454844	0.5731221091288335	0.01612599648951563	16.3785925807615	0.003219379276940715
Rmag_0814	253	0.6267407635151288	5.139725705283205e-05	0.5137447770610035	0.001102992425231153	0.454319613048534	0.00147900098716125	0.001454525099411063	0.01489809768609729	0.09160214418916794	1.924866542823978e-07	0.4534337146208946	0.008364020843636522	1.402300972696328	0.0006941752779209276
Rmag_0815	165	0.240677371690355	8.546123610320144e-05	0.2515132989567596	0.0006172818061971341	0.2636911384014373	0.004469176110909912	0.9207046978145744	0.9376747421723297	0.3504428167484357	0.001319062537292526	0.2335999390697712	0.0002296623099705686	1.159265292392806	0.2141884552594289
Rmag_0816	177	0.9032222875728224	0.5302119588433548	0.7968749419535278	0.3525266445784559	1.186537929930987	0.5500092505405737	1.326318344032968	0.1678916303422456	0.7266911979213898	0.01975800667803096	1.890027288163501	0.1355637236087257	2.23328754145298	7.570900921038959e-05
Rmag_0828	254	0.566872754514606	0.003780150313686836	0.5906559621929728	0.00910197978166738	0.3004694987435877	0.1555279405930649	0.05145718183579454	0.05299410483809275	0.3913064775903811	6.061924352651626e-05	0.6999632597564663	0.2922592831955955	2.279280002696581	0.0002631243613094858
Rmag_0831	284	0.9802391930921336	0.9842701252211313	0.4332200789985	0.0001798948395691502	0.4253532170223743	0.0003167511003431267	0.0985704615032224	0.2301314321738258	0.5308239106484723	0.0007125781577560497	0.08628753872166291	0.2074940322233868	2.09303700253268	4.800970666574145e-07
Rmag_0832	285	0.3868399683316813	2.701050494380297e-11	0.4833848435148965	1.66792081213174e-06	0.0754384633563783	1.625671619542857e-08	0.4218915122769965	0.0007050832692124809	0.3576971350128727	3.542166560066562e-12	0.5682970795097315	0.002776249409160991	1.883138889357755	0.0005491622244628847
Rmag_0837	167	0.5018279655691205	5.002720460112187e-11	0.4528994048765581	5.859661710294617e-07	0.4546299017072818	1.941960632301232e-07	1.0	0.9999989238937692	0.2246926657955795	1.494905421672854e-09	0.6578992248976452	0.0001632462582272787	1.511371544166376	0.0007722030391735801
Rmag_0838	373	0.5052515971493632	1.028916746081965e-05	0.5260811830401562	3.061711770768749e-05	0.3889620338189964	0.0005308385125862847	0.9616592597469388	0.9119749433927289	0.472176451241791	3.179110899131921e-05	0.8373704424212046	0.1521903179903015	1.572955397057763	4.800178193953286e-05
Rmag_0840	287	0.560937023103099	0.147890681080183	0.4993058960486844	0.06430061921722685	0.9468307870603442	0.8638560215202971	4.748631575517045	0.01202335756277861	0.6884702725838331	0.03482279083980622	6.328179669128496	0.008624003849281303	3.202504767586758	2.988602698650311e-10
Rmag_0841	250	0.1987041609458724	0.0001643915114156735	0.2250909356333869	0.0001073595166896091	0.2594888737496822	0.004094619018882528	9.497789042760761	0.3842204470676882	0.809553644150948	0.3272601460076887	0.04199199073514567	0.000231498611249048	1.299973652721295	0.07722721543071154
Rmag_0843	324	0.3178314958209544	0.0001601911918983623	0.2967743500172479	2.582386887661769e-07	0.3140630103840448	4.365484019919208e-05	4.039177143120614	0.000284322411961635	2.366214033611501	0.2230375334181537	40.6291587448385	0.0001196056065476681	1.145110970087745	0.4300024742703067
Rmag_0844	415	0.569167255901316	0.0003169591082731182	0.5871092004517658	0.001131730548934229	0.6262776032796639	0.0291607982701404	0.7675118852488352	0.3761202512057006	0.425257012459991	6.959884946144967e-08	0.809442415740493	0.1211218357050579	1.717991796875933	3.937714845303475e-07
Rmag_0845	227	0.4528084806922747	6.175669333530198e-05	0.4349435984292881	0.0002259051675649326	0.4537710612013203	0.04180450710347494	1.021978707457492	0.8893362559081041	0.4166351723797292	4.742738233587396e-06	0.5100411989894987	0.007140220547863452	1.428850892146162	0.0983847270089353
Rmag_0847	378	0.2354133998384343	0.0002632679621418221	0.5308928107735056	7.750652029836491e-05	0.1210000027212034	0.03431201821815855			0.09942337896011472	0.04434897493924805	0.6517680424291795	0.002273477522157674	1.554344157288426	1.979616468628098e-05
Rmag_0848	617	0.6947136353493354	0.00847350862277052	0.4190047744931213	3.84151724714954e-05	0.619416179370057	0.07506152289932078	1.122223014950349	0.1773134798320538	0.4332959310620854	6.025447640833903e-08	0.8861856974257039	0.2340136711023993	1.405145109028431	6.155615456249208e-06
Rmag_0850	72	0.4254010566919581	0.0001594006427729777	0.3777494952820393	0.0001968486169257044	0.3345050780915569	0.1960553805272119	1.298076593164547	0.5609702548216329	0.1764704048839498	0.0003089705155218114	0.3596830557202737	0.6379527881791776	0.9878298031459114	0.9680928315480878
Rmag_0855	323	0.2908826148024987	0.0005100307855075981	0.4552609202190732	0.01866293909988126	0.1652006164451317	5.58318703491878e-08	0.1915554634944545	0.04390147440597114	0.2300981856741845	1.937792261097471e-07	0.6592582687896523	0.327271762282741	2.000122466120874	4.906425209449949e-07
Rmag_0856	158	0.9324774392686647	0.7440700701324201	0.8659148072500924	0.5044581608431922	0.3725650071978574	0.02844740713909799	1.576643342624065	0.3961942186320589	0.8403033556892309	0.6247573015840879	1.150994317553288	0.6685494394705045	1.247671962544592	0.04403564479340194
Rmag_0871	479	0.3871515760006352	4.426053431982879e-06	0.4462066750479605	9.433012918225181e-05	0.2668518374064701	3.26331050068962e-05	0.8660979168150992	0.4636852517648004	0.4364826369665518	0.0001387459487779408	0.4379870181675876	0.01799705924259498	1.452740913779596	0.01693703944186098
Rmag_0872	145	0.8125654929339098	0.08415373159326267	0.61427821498779	0.003908778001360136	0.831977187409441	0.303986254639657	9.970263305307977	0.07494116117092198	0.1798398773582877	0.0003709164793903597	0.9760351213928902	0.9227222996345983	11.25093539891354	0.3449433900352935
Rmag_0874	162	0.6787623523743316	0.003302443711759584	0.6044055271747931	0.0151335652958885	0.3020129500993731	0.0003109672981913558	1.08823757208391	0.7455222295708043	0.220584559718009	6.241631881676035e-06	0.8598337161993778	0.3476133694913729	2.407229336710915	1.035465064214147e-05
Rmag_0875	1072	0.5798603071893642	5.855569473744993e-08	0.6871655363929624	4.626247982586484e-06	0.6260375807341422	7.794271439376388e-08	1.014135510334038	0.9814774124440298	0.6265033817135681	1.730837695390619e-13	0.9260549032943504	0.2278308338558063	1.469733999562098	1.071719490930434e-09
Rmag_0877	378	0.6199753904829002	4.526245001024165e-08	0.571388409803286	0.0002431653990726534	0.5836772309257161	2.176606039072659e-06	1.080941556648772	0.5121975951169707	0.5628761439762044	8.483851399176956e-10	0.7383940415629919	0.0002954313584089263	1.826471671913506	2.453884488939906e-06
Rmag_0882	883	0.4943207277088882	5.551115123125783e-16	0.4063719620022717	4.440892098500626e-16	0.6012478711827134	4.652843214836277e-05	2.183227386133329	0.0001821074702682557	0.3112761664835367	4.440892098500626e-16	0.2760198324648965	8.644121090461976e-05	1.701594188138594	2.809765051825508e-05
Rmag_0918	85	1.167723461152975	0.8563704165484236	0.4280491595562777	0.4360579228872846	0.005465825486076629	0.5643505636525852	0.8307917900582286	0.7669823002161986	1.167723461152975	0.9730773719350824	1.027301050539778	0.8920180853579703	3.110001249216094	1.216578229223941e-05
Rmag_0919	135	0.07507257327463021	0.0001813879315963884	0.6185097222789178	0.004356571080223581	0.1362163736086931	0.0004652947166984278	0.7852798400391152	0.2836791532403642	0.08601948605505141	5.696262697751919e-06	0.6447929583602451	0.3075781828062311	26.90899856400456	8.574747526413073e-05
Rmag_0925	237	0.2882309723265959	0.001582422846038156	0.4305978952736684	4.957954502615713e-06	0.6406938756938311	0.09779665144081806	1.221952592310173	0.2702949400846513	0.4429970812230526	3.748693536254066e-06	0.554840820240229	0.02860343955964439	2.092872766494531	0.0832977228907178
Rmag_0926	91	0.6626077169596243	0.3189881968283326	0.5462891752238497	0.2459832985391649	22.86391397702759	0.547282470711361	2.746497410276659	0.1809967862791384	0.4955396883842569	0.6225952565220192	0.5220690902455176	0.03826642147330284	0.5510749303879112	0.1730484754999017
Rmag_0927	139	0.1236634088810179	0.000127753915448503	0.352300898341211	0.0789690032855388	0.1967024352868913	0.0005029999107047933	0.3961052594994362	0.07809441341621881	0.1962206723298981	2.682505011475378e-05	0.00544702656518153	0.02391333496411407	2.034253715960737	0.0028615294793507
Rmag_0928	695	0.4145918993179694	0.0	0.4808809311292011	2.637889906509372e-13	0.350112495530347	5.98965321785272e-13	0.5769632527278739	0.0003424821937948463	0.378909854432002	0.0	0.1605368012500898	2.240996277436125e-11	1.522690390226496	8.923312144748508e-08
Rmag_0932	151	0.7654264221324711	0.2119501841260408	0.7009785879706955	0.1406584242401598	0.9466670254237807	0.9076268000587364	1.951202135139619	0.4022038015282755	0.5895551344295158	0.02886374825689408	0.9819307811869084	0.9494997707525161	1.560800601300839	0.0002964469347139786
Rmag_0934	327	0.7046937768680737	0.03539692042374798	0.7390990297942052	0.04882386437314523	0.5062725183172299	0.02083643318894712	0.1855595876647859	0.2573821652321887	0.7508451914419647	0.1382480002108742	3.878045923860283	0.09496537366603552	1.889218923243862	1.737396292711413e-05
Rmag_0935	131	0.6922101749134284	0.1522704146802266	0.3858304757712643	0.06459747444864927	0.8960178019598811	0.7356916007435222	1.373584866390931	0.3381341174656859	0.6084067387157742	0.08433318451352456	0.9283028907950287	0.6710831811061109	1.548064577677216	0.1238999667349233
Rmag_0936	154	0.2240836414431841	2.336572724204178e-05	0.2697649293869194	0.05690443291195291	0.1077532991260439	1.653673822099577e-06	0.4011704585295815	0.02829281576227038	0.1321492830827959	1.920302455160616e-06	0.444759987659849	0.0360204569023157	3.05851899922084	0.02274019044696118
Rmag_0944	68	1.035183063482266	0.8444664738829912	0.9173259750926274	0.7902906647530323	1.143096783974779	0.5790040227040533	11.44931004876779	0.6142756320760079	0.7712176929234842	0.1690715908671591	1.136082581817359	0.7945516020673331	5.829893324446044	0.009497024547574284
Rmag_0946	496	0.7155103627875191	1.758371223514743e-05	0.6900894702295385	0.000528584469942528	0.6807471165740256	0.000257765418221978	0.7711549111702051	0.2851569557188625	0.5728666030230337	1.989135255286989e-06	0.8866718018489953	0.56419515216005	1.523056193829697	2.034225743663409e-05
Rmag_0947	221	0.5199814582989989	0.1020535466237531	0.4120474361503504	0.08395780382944917	49.99999999999989	0.07627392459492366	0.9533698017357767	0.826610050165618	0.2001763907706133	0.002280000736538335	0.9441274949622793	0.8171097688463733	3.165116351711545	2.042774142063664e-07
Rmag_0951	344	0.6604080607451442	0.0003656543518690825	0.4920103759323164	0.008904075899352049	0.5557549785165629	4.978560950996691e-05	0.9309067931897625	0.6722428584052892	0.4827608633000494	3.739597520535654e-11	0.9113197389407914	0.2612836205288168	1.810679701399748	3.908375401096009e-09
Rmag_0953	361	0.497422556663775	1.244893973462169e-06	0.4335138877393248	1.182237570063194e-07	0.6720763286094106	0.03099825446357507	0.0118473568689568	0.0117720520501271	0.4325033585249112	0.0003006835630825488	0.606794563857689	0.002435354563454561	1.479386160897183	4.586667438755132e-05
Rmag_0954	271	0.2699133953485454	0.01560220479331198	1.037906062780758	0.9427328774837076	0.02672809259972173	0.001586299352492992	18.20098714477563	0.04536447323298209	0.3921265936533756	0.07763897581557222	1.133321064804557	0.8422974842625146	1.525609304438136	0.000993422772594399
Rmag_0955	262	0.6830856838370554	0.03403313873649283	0.6865071487231186	0.1672262081319326	0.5974354514960547	0.08443813242771436	0.80609269205556	0.3948976802039857	0.5628787128219211	0.01302406394993783	0.6426855042774893	0.05148089370950515	1.492877384312525	0.006653363676523361
Rmag_0957	135	0.00605733655422405	6.387412934127923e-07	0.3396333131857888	0.0102277639007986	0.6440014730840504	0.1820491985223038	5.479198479672272	0.00173735206040404	0.4580887147877188	0.01210693616405734	0.6934895731810586	0.7571383402813998	1.199273782098473	0.3424456843825987
Rmag_0962	530	0.7372222154776761	0.0006028616809807819	0.5680043757983549	2.104608953779064e-08	0.5961634585694897	0.0001575465709761081	1.578473669401179	0.06165675533369419	0.5285632146163294	5.499529720509599e-09	0.7776779084138538	0.002502604885322834	1.477827003632361	8.659426288248895e-07
Rmag_0963	476	0.2981981306576169	0.0	0.2131072196960201	2.069455717901292e-13	0.3219799368818612	7.771561172376096e-16	1.028219501693667	0.9410768393519333	0.2577929597698741	0.0	0.2990925031712033	6.554440323824906e-10	2.901711451800509	2.632638551602895e-11
Rmag_0966	540	0.3513741265138414	0.003045807982171911	0.3716312769307069	0.4201166470955111	0.3834248842937614	0.008694363965731977	1.220278022417087	0.2691896239993763	0.5610820340840452	0.01735388509759606	0.03809929415008959	0.001979443370984879	1.47603082998801	0.01196531610861307
Rmag_0967	226	0.6510469171770231	0.102093910722625	0.276352560555534	0.01233667104879643	0.5624905043752583	0.1752996877031473	0.08733138129351974	0.4596696560495512	0.3611155484679681	0.004390661908143523	0.7496660772990648	0.08093892103002376	2.355637479438929	0.002146896571451284
Rmag_0969	513	0.4156712722171703	2.797762022055394e-14	0.06983572235793348	9.358624986077757e-12	0.4532281329186488	7.614717745241251e-10	1.130282889392615	0.3855886130811399	0.2353018680896283	8.659739592076221e-15	0.6225278784691828	4.458363445147828e-05	1.509004784535967	6.409303788701415e-06
Rmag_0972	397	0.3250105650826002	0.0001367864129633301	0.3530388481754909	0.0004499699265286816	0.227614951121726	0.00245852434675875	0.9266230622856912	0.6227832154862935	0.01073442958236069	4.761836675881703e-05	0.5385982250536017	0.02999104833907384	1.950266639689799	0.02491140973332129
Rmag_0973	440	0.811494229155437	0.1383884410894953	0.7340275787353697	0.009464810988202954	0.4440766055297392	0.04566282558154289	0.8669854641966114	0.6125392135691866	0.7041321644257277	0.04829607801340052	0.9841193506184658	0.8944349682921124	1.648723917846523	6.335276747648777e-11
Rmag_0977	245	0.5260490053969487	5.344641390570004e-07	0.6449431262307805	1.798931436558515e-05	0.3370714841848708	1.923218624000356e-05	0.5675275054282636	0.1174666040009475	0.3684625252679393	8.273381979506667e-13	0.9739150287353519	0.874492599679253	2.785595049714753	3.343769705566046e-12
Rmag_0980	359	0.5956640006508493	2.700758660711955e-06	0.5512702749552689	1.258361666089947e-06	0.6587106891989484	0.02416612466703483	8.143731518298514	0.5327036657394091	0.5693082767338363	3.96440593797287e-07	0.4568758393326273	0.00214279951555929	1.180232430339991	0.0979792948415179
Rmag_0981	245	0.1160552026513417	0.001583769195873885	0.1887195199260235	7.257610374034051e-05	0.9791809925288334	0.9601514926070207	1.392246515109475	0.02389989238434298	0.5478852355417101	1.634910846970428e-05	0.9760049108951364	0.9833836099121724	3.262630507919238	9.785406929196938e-10
Rmag_0984	255	0.3765913733756229	2.24667700554626e-07	0.3423293171550078	3.062986575486093e-08	0.511570613001852	0.0517891659125308	1.348975603578999	0.04054337741445124	0.3861782903877554	3.422106072958897e-07	0.7045415698190269	0.004378524379962556	1.46344544890437	0.04106005141054658
Rmag_0992	887	0.2272239534331772	1.110223024625157e-16	0.5219770750313736	0.00339446961536316	0.03583149187934215	1.542196004233887e-08	0.6733499097207958	0.002501321050185523	0.3686354785277921	0.0	0.3524435762384207	1.999020315945899e-07	1.627463491118032	4.184959045971937e-10
Rmag_0993	51	0.3765347482307364	7.191123567562574e-05	0.2052206858966963	0.0006543229888557045	0.4250993979865874	0.01367574537324956	1.093066450345949	0.7747445720993735	0.1332333160681214	0.0005705520937558939	0.3942977358201409	0.0003688058982439513	0.9300892972374537	0.7891387677500931
Rmag_0994	83	0.1664804341485985	2.422865883477954e-06	0.02305874101698884	0.004023488595935154	0.1586520597915553	1.119564732243727e-05	0.7488181817391673	0.2802941351418889	0.1976567935032796	0.0002666669326167881	0.1219851328228373	0.0005836610071734416	0.9413898225250255	0.8560594284984993
Rmag_0995	214	0.224517484451327	4.010458631853453e-12	0.2276264201247298	1.2911642855995e-06	0.2549967273476741	5.977440764581843e-13	0.7805384243538197	0.3034992928596291	0.04002124302087619	3.33066907387547e-16	0.4224567090611535	0.01112502617630062	2.056695366316891	2.105126739038177e-06
Rmag_0998	156	0.6103516224837812	0.2275963779759218	1.324526074115117	0.3077536381448548	0.4678366887824906	0.0465968567159305	0.3178164535234232	0.3034995386496343	0.141857434376861	0.002909473867024337	1.607874132268032	0.398410666623395	1.459661703346056	0.0515222472596677
Rmag_0999	411	11.37212292153678	0.2134159228325577	0.100553167192045	2.748703031407729e-06	0.1111912970030192	1.116332191852809e-05	1.705371992046942	0.6724633594154523	0.8605196790075247	0.5736887186301634	2.23940048929153	0.06869293597255943	1.658467482721765	0.002227020833151738
Rmag_1005	308	0.4926097844114418	5.581352935379869e-09	0.4444604148404077	3.83796743930187e-06	0.4397541488552882	1.248155578892352e-08	1.009727122531578	0.9280713849678083	0.4846446002759683	1.199040866595169e-14	0.7021281724603138	0.01097182417791154	2.501830581305771	3.389386624808033e-06
Rmag_1006	619	0.1583805891590869	7.146377933864301e-10	0.2187505687899461	8.44089342610932e-06	0.4368172372801562	7.203277974099365e-10	0.7640459490771588	0.03775156577400107	0.2069195986320858	2.55351295663786e-14	0.2722984969927831	7.629856638580179e-05	1.827754302232748	3.577741928073586e-05
Rmag_1007	136	0.2209317349640091	1.843317614214079e-06	0.3269185056568584	0.0005373043704168801	0.02408153046958614	3.397389379855564e-05	0.2146378372732588	0.1595936179451705	0.2252497587480133	0.0003616274183730894	0.10194002216362	8.889791195121344e-05	6.627304710512485	0.02978387953032724
Rmag_1008	433	0.6408097389152667	6.15593855387564e-05	0.5979880633969771	5.123506525761545e-05	0.6016367233794614	0.009340485917031849	0.900203355839556	0.3618848236432639	0.5384862737079391	1.343350164439983e-08	0.149547497786522	0.05109250568208279	2.000021097620137	1.256754276823813e-05
Rmag_1014	447	0.7090719297494261	0.1218232646065344	0.7762903797070878	0.3273095849764346	0.5131848146908663	0.00226228629979297	0.8479132553042176	0.1703016431821386	0.6479991341705361	0.1232597570011348	0.8058435934307477	0.17675266109749	1.260197169102508	0.001344987923580399
Rmag_1019	175	0.4753211738498733	8.641136683973372e-07	0.4950719449277166	2.422294558712679e-05	0.3714678116506867	0.01795286936887042	1.22503481256958	0.5313408100020801	0.215246565714022	2.220092738536295e-07	0.6714227543651873	0.005365763243665889	1.685081104765263	1.592613786105535e-05
Rmag_1020	216	0.01362043904888214	3.973948756730294e-07	0.0008413758488546178	5.819950854579758e-09	2.35620903109107	0.1204773634712319	1.574851253554826	0.05151953986686242	0.3820513716075848	0.007975724130579898	1.689103923179131	0.4340446274769018	2.29478214162558	0.000456416637571011
Rmag_1021	1151	0.2445101789344928	0.0	0.2707680924723042	1.110223024625157e-16	0.2000967999584488	4.416529364448252e-10	0.9154724408792435	0.4371970561328744	0.4365783681536881	0.0	0.4078920755987262	2.644900409798367e-09	1.595175838389501	2.775557561562891e-15
Rmag_1023	314	0.5498975885247845	0.03665946517303786	0.3732747937071981	0.007926170088060958	1.042762159016907	0.8711628474983002	49.99999999999989	0.00554457401320152	0.5753586139323662	0.0419409081774762	1.019763830782574	0.8260180827244124	1.640092107268434	0.03651592465014641
Rmag_1024	283	0.4728537318558536	0.0002291974638629624	0.8046308011322212	0.3802035031097298	0.3548456474049195	0.000480102157127571	1.182334876733365	0.297203169474377	0.7683738715106763	0.0906070242304825	0.8517282107616558	0.2621978912261942	1.494404264024407	0.08063078026429105
Rmag_1025	276	0.1579776969981216	4.680562959502588e-05	0.20817117839389	0.002055556937154757	0.1330087311473272	5.359424515294364e-08	0.3705176078087319	0.02280241795111426	0.3237166139002447	1.494653925071532e-07	1.151643487194731	0.3945963886177466	1.706520599863341	5.62806314363673e-06
Rmag_1027	97	0.7746270496105975	0.2352811676841062	0.00141316809591135	0.008055929427436381	0.904894201555514	0.5508822300862162	0.02926444055496249	0.1088778834381103	0.6544735358494513	0.1203971117952857	1.003144995914284	0.9767863554586288	1.513020657263888	0.0401076007030553
Rmag_1044	140	6.01173074840398	7.599127679069895e-05	0.1972937294828047	0.01908484669346855	0.4083614946965399	0.00446861941284582	10.03850610372727	8.406461264764964e-06	0.442212742422466	0.0004914084943142827	0.9110299195437441	0.534322500062576	1.698392878714302	0.04738965464220035
Rmag_1046	288	0.6149351020525959	0.0001812169876228564	0.5804236386118029	0.0004961512933951973	0.4502638706221899	0.05127734328949163	1.040023020089988	0.787961356945136	0.557737030738286	6.411571540354544e-07	0.6483219562891614	0.09043795900676854	1.946201453381498	0.0002117679092176195
Rmag_1047	513	0.1310649507925287	5.632895361262769e-08	0.1376019285456573	7.844054006334034e-08	0.1572955778741637	0.01720110104210604	1.500959559123287	0.1135116156853815	0.09529115833560953	4.903518470156243e-07	0.3434201088607235	0.000193074271171656	1.193646442029512	0.002213217555382729
Rmag_1048	186	0.06514220506426723	0.0004699005907351506	0.1410337659414314	0.0001904325131706353	0.4994731396055678	0.04805680713794069	14.15074688016556	0.3565821507374891	0.00668963412286141	5.357991268195583e-05	0.5151062593362853	0.2607214126159102	2.302679643385638	0.0003930229576509792
Rmag_1049	157	0.4504245468223466	0.009866771862027668	0.4967725030936382	0.05239014007738496	0.1664862604788906	0.02881230125346645	0.1012516303838836	0.4157593402076155	0.09292761070652177	0.003356442413330663	0.5913020512990826	0.07533037701099032	1.762768994181034	0.07228800672208646
Rmag_1050	79	0.3784488148757458	0.001232273771314962	0.4433024463215893	0.01718626970146542	44.55670767188994	2.01303289397714e-05	7.924905387776902	0.3546990266847856	0.7126394828987517	1.0	0.6505889262010873	0.5084910218035597	6.681464652542155	0.7707831143845577
Rmag_1054	278	0.8131033949947485	0.2675602143306999	0.6216420043504552	0.1229207801033382	0.6390105003144715	0.06294279503951472	0.9362286172322734	0.6752314489307213	0.8201846653631725	0.3183455560207415	1.543994694941965	0.09480810708575393	2.166137240115278	4.678099558397264e-06
Rmag_1055	209	0.692916608318646	0.04350970231397888	0.7899344829134337	0.2456213508053149	0.3082907734929257	0.02449601234664223	0.002417836303336797	0.04683902028908782	0.6020277124258128	0.0003122497016178061	1.355629563854213	0.5013884207655173	4.981777063998969	4.687849963769253e-08
Rmag_1059	152	0.5092393451434964	0.02928516991537922	0.04392478268757182	0.001646955323966637	0.6636217610805392	0.4863909925744493	1.235650726724128	0.2134818600554566	0.521796107208783	0.01101585681566153	0.7273470857561045	0.2032456525130172	35.75649190304991	6.13298725904432e-06
Rmag_1061	346	6.138159559041845	0.1046896247842021	7.758354113045908	0.008174269409691015	0.6899089181033338	0.4044383950342341	11.21763167039106	0.2326204079452604	0.08199191762724675	3.998990176690143e-05	0.7367812010441777	0.1172367519341981	1.655747578693793	0.0008983132038665742
Rmag_1062	125	0.3873128069287632	0.006082367136905464	0.1040790373611885	0.028729622998801	0.1972435816500021	0.3758838362196738	0.9465423724701235	0.8808436083139964	16.19273030092301	0.3189053906609064	0.7195955544054363	0.08515911017285782	1.536822171078222	0.02461843506963679
Rmag_1066	541	0.6587004990061852	0.02834230922652226	0.5068550473341394	0.002762201888370175	1.072702309573443	0.8025811361137004	1.437738718023332	0.00885572924502831	0.4795909803117379	3.177518935781887e-05	1.231327384773689	0.3894386124736114	2.337215064637701	5.628830734849544e-14
Rmag_1069	363	0.06975547266943499	0.0	0.2391460453622949	0.0	0.1078507628718116	2.508677710011398e-10	1.379431317412424	0.08269681823998354	0.06109463229874674	0.0	0.6839268732081422	1.287822666862226e-05	1.72875779777688	1.388975601201992e-09
Rmag_1072	361	0.4557640301495002	4.20382317845025e-09	0.4885483888537597	4.854914559260237e-08	0.567674496060915	0.002780158897623619	10.25706625938152	0.002459347954653857	0.4974333012272379	5.751022736033562e-06	0.465607392930144	0.0001101558071004982	1.161455387157906	0.2447052423273846
