gene	ncodons	SymvsFL_k	SymvsFL_pval	RuvsFL_k	RuvsFL_pval	GivsFL_k	GivsFL_pval	GivsRu_k	GivsRu_pval
Rmag_0001	435	1.07946434808551	0.800742414336235	1.06950981709501	0.773763197624938	0.966899620594158	0.974896272148176	0.713429961069228	0.474479646965085
Rmag_0002	367	0.567898131945579	1.70233505519812e-05	0.564771084074138	1.70515044710662e-05	0.782181151431281	0.274819131321758	1.18757061671487	0.145519146588645
Rmag_0003	812	0.552693102535323	2.00011118778321e-11	0.552610829048068	2.00415239959284e-11	0.0234254660776909	0.00188199790171539	1.55652098451625	2.65882110606075e-06
Rmag_0005	821	0.516913590199376	7.30013515712891e-05	0.518066048706129	7.26977917446803e-05	0.508027590837305	0.127915867586572	0.983445550393808	0.864411418466364
Rmag_0006	340	0.673716404587039	0.000985622947896059	0.673629637555625	0.000930046225585235	0.710632444194064	0.0371835645686698	1.0240166647654	0.823379969737213
Rmag_0007	255	0.373884737561327	0.157039785425353	0.377177261417413	0.130531845793411	2.77175192363506	0.568784308747697	1.06600717273799	0.693277152237489
Rmag_0008	211	0.579138687457651	0.00227056966239858	0.575905690938322	0.00226743056730283	0.75880682296303	0.251337415995812	1.22546966739872	0.387602874126763
Rmag_0010	408	0.186453094953075	0.0344756928091686	0.00768804411818156	0.0255710808145472	11.939684269909	0.313517745592443	1.73609362927144	0.0641694394355188
Rmag_0011	198	0.660490120252811	0.214378207870447	0.459149033676208	0.0746712602376464	1.97144401279044	0.289908154596597	11.3475376532326	0.00481561421961074
Rmag_0012	104	0.630802092699462	0.503591667560068	0.626992229041963	0.497364429507708	0.701192879764679	0.455910503289272	2.81675111632461	0.19404184299464
Rmag_0013	899	0.360473872061146	0.00028668431633394	0.358809728816315	0.00028212604738953	0.0213046621964405	2.83518822180584e-05	0.882542119420086	0.287031831714622
Rmag_0016	313	0.744189696249055	0.512289578116989	0.764925987888542	0.519289827150222	1.84804676885151	0.00337505968029506	8.15360208052209	0.00115209114338222
Rmag_0025	387	0.946204933431424	0.961560509417567	0.932450842253457	0.947210630411564	4.10704922183802	0.165312807864459	18.7144510321686	0.00986459199069833
Rmag_0026	285	0.488570703616751	0.155897122934568	0.506613763752797	0.180101798791439	0.472479062014563	0.330324871450391	0.864546969239102	0.827974007166724
Rmag_0027	248	0.312154817446918	0.00829521422699298	0.312469355291253	0.00843087784103924	1.02699642444428	0.976946760911287	2.64110177189318	0.00635392333491469
Rmag_0028	260	0.0287528188985066	0.00408059824058293	0.0546087728901641	0.00446648602225508	0.0540601903673951	0.0242976617563396	1.17393838922552	0.288179629425953
Rmag_0043	768	0.462517118580908	0.000460899834850648	0.466449789379618	0.000468043229908011	0.202648739965351	2.201648642286e-06	0.00188237983389007	2.98106219265293e-06
Rmag_0044	315	0.604878249370977	0.000276148198432025	0.60227786413241	0.00027261659381228	0.550940710813814	0.00714713609107864	0.889055331011357	0.345549625225291
Rmag_0045	320	0.286356387882789	0.159237578977053	0.0733928548363944	0.0141137702762844	23.7189943710562	0.138435629600461	4.99850455057991	0.0186379900152455
Rmag_0046	142	0.0138868582223993	0.00226461670018141	0.0252510069346413	0.00220072694429951	0.131084243046536	0.0442478723291297	0.922310096283789	0.751459287926577
Rmag_0050	131	0.447710709811029	0.0238357891520163	0.232682859009584	0.0132170641047457	0.3366214250713	0.0341756549331969	1.08836658681079	0.710447821171087
Rmag_0051	337	0.442141585996877	0.0530223167862217	0.442732765574152	0.0533066535782787	9.54962546126392	0.59648540558926	0.352126130344346	0.122270969809292
Rmag_0052	154	0.38904651348674	0.0199281532928661	0.389218160863335	0.0199064721785671	0.349597405010858	0.0361012500438702	0.930198012473675	0.764267349441332
Rmag_0053	492	0.601682284909392	0.0134806964171611	0.602049241569789	0.013496358578672	49.9999999999999	0.0264149397073005	1.87879613111356	8.79983425632336e-05
Rmag_0054	849	0.671027712946893	0.00160315917073117	0.662484726213633	0.00155285831686991	0.985302548758365	0.964468894539629	16.6797030295952	0.00812756517961033
Rmag_0055	131	0.539965455275944	0.446714237964366	0.53772404486056	0.342100395531959	0.987506563274973	0.989760198452608	1.51039222894414	0.614451288277326
Rmag_0063	331	0.0509110908796327	0.0101907985025822	0.0506634866679473	0.0102337942408255	0.649840528923902	0.0444013106995008	1.06783769545742	0.571933250713778
Rmag_0065	392	0.0802931188707947	0.000518010907761712	0.0812968396500145	0.000524334328624865	0.251585565730976	0.0378757123659202	4.09899832614729	0.192937361924445
Rmag_0066	482	0.696191804528087	0.126479039162922	0.697894921223756	0.129936256812113	43.7479883292674	0.00488284498855474	2.7722234089184	0.0024937326083686
Rmag_0067	353	0.0521749411475373	1.50783033614488e-07	0.0013910656877356	1.34003697027651e-10	48.4388041023031	2.40287223451929e-09	1.36691313814723	0.496966655234193
Rmag_0071	258	0.498313097814615	0.0011291600041885	0.466906423135981	0.000621920172200308	0.211151603274629	0.0258063161770121	0.954980167021938	0.783557697715396
Rmag_0072	304	0.664250775820413	0.0296479558165946	0.664543205433212	0.0298364014765145	0.276322767235821	0.0197400648787859	0.0105102898925167	0.232717145874382
Rmag_0073	289	0.704407079164234	0.658517778195182	0.66056431443486	0.655679049721607	0.0521005202351332	0.390739256507587	0.278185861366518	0.23935597289021
Rmag_0077	239	0.531073074117733	0.0281968615579915	0.532425397599686	0.0282290383269089	0.491030763512425	0.0993221838774032	0.918057047952779	0.611905303093671
Rmag_0078	913	0.604742367400173	0.00187065770470374	0.043191983013417	6.27510604589432e-08	0.00454815330366415	3.49124218423924e-09	0.701532133625697	0.00732156412001883
Rmag_0079	573	1.3393701549247	0.497386500731877	1.21328703538238	0.53053174314476	3.67992621818789	0.416448732813996	0.279058720635479	0.00919579182636621
Rmag_0080	1073	0.697414062033437	0.0557574672740129	0.696923028133595	0.0561347156750962	0.00137839985947251	0.00127082006908841	0.465962650853033	0.0107696217484904
Rmag_0083	350	0.552394263105525	0.041623492297699	0.564018790834727	0.0371332928474135	0.598659605068886	0.717222947528478	0.000965645341205094	0.275196582167579
Rmag_0085	404	0.0157191228282426	0.00754980189875032	0.0646883744387906	0.00832337029985575	0.0538076177342783	0.000840855319193756	0.820862830743018	0.145460871839504
Rmag_0086	298	0.579901591984516	0.0880919486735844	0.0129460955765739	6.5095867454068e-05	15.5092281908543	2.74736138061726e-05	1.15816114583265	0.301107932981268
Rmag_0088	640	44.9255390133235	2.5574958817387e-09	49.9999999999999	2.35360608780155e-09	0.836283700543288	0.0235629966866912	0.239495387350069	0.137048110390676
Rmag_0089	141	0.749957891824044	0.496207800707842	0.714619487099299	0.486740531613683	1.09447825869127	0.870321277078987	2.39383900062213	0.00656200507966087
Rmag_0090	171	0.363132890998295	0.00937537840820668	0.419554613456804	0.0129570819121667	0.200653697100141	0.0492892556498791	0.730679813464706	0.285660946809029
Rmag_0091	124	0.343680969894169	0.101990964082655	0.401380367662977	0.0709125590088455	0.836948710529569	0.830690259378444	1.06932769543346	0.921260610482445
Rmag_0094	414	0.128453218387533	0.000255657315288316	0.130184979190549	0.000257076414485358	0.548912304232788	0.0244810155792619	0.930354432556411	0.662968361878946
Rmag_0097	477	0.164447776505706	2.6814823517185e-07	0.161755533521473	2.66554544103847e-07	0.00654979483337627	9.05417858294566e-05	1.23819037632434	0.332361529675675
Rmag_0098	199	0.439296656468269	0.153421465532593	5.72355356390253	0.193158383700165	0.489019377070478	0.467729643253855	6.83073881401753	0.214151305769795
Rmag_0099	361	0.399418651709422	1.59112624809055e-06	0.12778308229576	9.24086734799268e-07	0.326745845913619	0.0274915763829585	0.99525074347318	0.965379819043297
Rmag_0101	200	0.54291732804954	0.190410315123374	1.35217694665329	0.496608169336009	0.784052878256154	0.670987268910183	0.217307079407607	0.243054206823557
Rmag_0103	415	0.0685113089277021	0.0036668836202689	0.470864667001176	0.00238903943380886	13.2596909482171	0.00266737859030508	0.278444157666372	0.00033852586470795
Rmag_0105	375	0.483209013853075	0.0971928065879428	0.474943048364931	0.0798447058176549	0.594378653856363	0.584997815918841	0.983390616553229	0.937701702923417
Rmag_0106	289	0.198275749113601	0.0930454387494806	2.34861063551479	0.556666333166214	0.596961069346274	0.590571846907951	5.14912109624003	0.198881354800591
Rmag_0107	260	0.505588291618077	0.112663311641086	0.506303105716029	0.113192379866435	1.96850354095699	0.294119065447867	11.3571176312456	0.0090558955273633
Rmag_0108	604	0.085806067409222	0.00489845254417609	0.0851818785098951	0.00488261726044181	24.7988716885873	0.00578676792855837	9.24391964080852	0.000564823915817136
Rmag_0109	320	0.708457574103986	0.0214381937531076	0.707502123374501	0.0213690638328871	0.845034100936317	0.475439381949843	1.19011137318575	0.137490766280914
Rmag_0111	181	0.286539064513902	0.329549604142558	0.35679705729272	0.335301369662646	0.18985826750962	0.531929336587921	1.02105959484315	0.949253077735163
Rmag_0112	339	0.417646442145393	0.0144934721467107	0.416754227827613	0.0144637536671383	0.371276275106163	0.000178043972144715	0.618050223866617	0.000356708518910231
Rmag_0113	415	9.67136931620828	0.197370351046319	24.9842293406313	0.198322419856034	2.02736193669511	0.636345112193121	0.0140688047422205	0.0484588822847556
Rmag_0116	286	1.20800814072524	0.841163708769423	1.01487879088173	0.971669220569527	0.500381047026382	0.0129686255267772	0.73368926424581	0.0527969147385312
Rmag_0118	417	0.395904561568817	0.00048342430765147	0.390489961232289	0.000495765256832703	1.06767506202079	0.918142564741241	20.4268317502739	0.00253017012279144
Rmag_0120	686	0.585938234563453	0.0011214455296078	0.586911413297178	0.0210393541371963	1.02657085388471	0.954063673244235	40.085591012796	0.396481247084991
Rmag_0121	153	0.432505622884506	0.190628559437272	0.435760801567552	0.190726350432031	5.62726098329931	0.376172064426502	4.37501206284966	0.120480513382897
Rmag_0123	328	0.675962114943779	0.102259364798012	0.675584474037626	0.102060430602422	0.847859072987386	0.596873174306501	1.49636814148812	0.143447903929784
Rmag_0126	76	1.23056092977684	0.86620324822959	1.21689384772048	0.870239609967344	0.702302619289433	0.664714378998785	0.224583418704135	0.295657289652082
Rmag_0127	438	0.483806845521394	7.50930862081223e-06	0.603366409927778	4.27935644127242e-05	0.711285749491837	0.174772566938309	1.01283522905504	0.929974645088787
Rmag_0133	419	0.646821215391917	0.0340095000438422	0.646370686019913	0.0345122496351645	0.80777313077209	0.703529214096168	1.73910378039232	0.454751034951442
Rmag_0136	642	0.677358651411857	0.240090349701788	0.678157665184659	0.239378072275927	14.3209176061859	0.212995829016389	1.09189325039348	0.510357894127539
Rmag_0137	272	0.906576397837736	0.852020971895213	0.90811392993497	0.848127485008392	16.9306456974625	0.0542930798391189	1.52222594809206	0.0828276757542473
Rmag_0138	442	0.820637264926715	0.591405093203266	1.03810770974351	0.921054694068067	23.6763489877987	0.0412907535651739	1.10144376409181	0.405505195259832
Rmag_0139	191	0.690319057673144	0.0385735182901076	0.689913683228451	0.0387727127968006	0.652211542062148	0.0552901157951594	0.90771466139065	0.546443123925392
Rmag_0142	317	0.593035210385195	0.135633496025151	0.590805027380744	0.136093912744378	0.702611270512127	0.431859764997632	1.0866128919884	0.753574833089392
Rmag_0143	205	0.414452547037164	0.10478143309547	0.402411783080695	0.104272127094637	0.0493611066274125	0.0126976984118293	0.221909865160231	0.197123300692957
Rmag_0144	276	3.63300844273498	0.0890790761626339	3.59908352857874	0.0971454827245978	0.154683491172912	0.0576783941880174	0.245836925041432	0.0644209142572068
Rmag_0146	399	0.0816717083834051	7.375247190744e-09	0.0810058402723996	8.10027445119488e-09	0.085683638771235	8.67265197435074e-08	0.948400266265527	0.87389480005307
Rmag_0147	187	0.614474539150241	0.0514116162106133	0.613760311058969	0.0514622788314006	0.467863074108423	0.00437169391661685	0.673789214138745	0.435636763138739
Rmag_0151	403	0.0543584594986761	6.0203946746773e-06	0.0536701074070867	5.99410962875968e-06	0.0851568122133076	0.000890410604317271	1.60185788037022	0.00420429062454297
Rmag_0153	444	0.837682514319392	0.501813237944708	0.811469705865858	0.505568900891782	0.0154538065527558	2.66168042960535e-05	0.209160128987369	0.00702282716368652
Rmag_0156	633	0.052204926786894	2.36556046417924e-07	0.652697246376668	0.000344953245814072	0.256553968419053	4.04984487983873e-05	0.842835960204721	0.18776535053572
Rmag_0160	153	0.165689859691647	0.397638801454159	0.0563633649934274	0.365651086998897	43.7440818144844	0.139950202948861	49.9999999999999	0.0482835019234069
Rmag_0161	157	0.343639400262626	0.0121818352973584	0.343019517343361	0.0121432827858035	0.00838476781300339	0.258117481070789	16.7051476987878	0.0781224050195157
Rmag_0164	103	0.796575361757405	0.214334389203478	0.791401199937777	0.216055822713435	7.85130395579294	0.182707750300203	10.8493178484322	0.0523925347899864
Rmag_0165	262	0.603565072811054	0.0142290844483461	0.583069093451282	0.014294154859324	0.74613169230916	0.3895484346259	1.09817682776938	0.520184453440026
Rmag_0166	204	0.674397052128538	0.0178282564715659	0.673475505518212	0.0177492108253998	0	0.0298539208103891	0.959341938454303	0.885973969911233
Rmag_0167	97	0.550993138255044	0.0329164653097298	0.551883544038977	0.0328463078768046	0.0113917166380984	0.0549145203697557	1.09122677274869	0.726283487935953
Rmag_0168	285	0.0127410086232617	0.00071501095810067	0.594202153093705	0.0315394274033636	0.0117569062911213	0.000290616807559263	0.895729577488268	0.542911971308566
Rmag_0169	89	0.00329809678260249	4.6949790628581e-06	0.00784832882320497	4.70962975707145e-06	0.049552856026589	5.06189415161451e-06	1.39523487941954	0.196679341304725
Rmag_0170	113	0.0502219401703942	0.00262888556354368	0.0484718776532739	0.00261520568452145	0.536447462423134	0.204241399532879	1.92421003106057	0.00567132902761758
Rmag_0171	234	0.546406600343082	0.609037468803727	0.537567315346925	0.00170401577754142	0.525365844594736	0.0860836719271988	1.00976924719495	0.972329237790583
Rmag_0172	136	0.623449291173161	0.0641388999008172	0.0381018248755919	0.0288352647164609	0.2397205224057	0.06905751712952	27.9175465027331	0.74102865402751
Rmag_0173	62	0.426544964705616	0.0389950567225522	0.386860646372806	0.0320693683208323	0.511869961779137	0.21094021731986	1.23084550183612	0.697249503424002
Rmag_0174	88	0.386953139344856	0.0146854338000162	0.423759499726871	0.014643381752522	0.512923420043316	0.0330225527158349	1.31795769517505	0.291942477155941
Rmag_0175	122	2.13571735936227	0.35579691340796	2.12820847252197	0.355899299981195	0.177822055341342	0.0455491220469624	0.0836656719876066	0.229469051385092
Rmag_0176	103	0.49941166412707	0.0135412963404212	0.498978753858928	0.0134288364362871	0.526226579296129	0.14040807253039	1.06351397981842	0.833297312150971
Rmag_0177	183	0.0410458738500449	0.0162545212751579	0.565688356878895	0.0668668463837172	1.53065337231514	0.725575697134817	1.29171773679464	0.217917016418875
Rmag_0178	101	0.919924129737897	0.744408851653009	0.922047317962299	0.725786769782643	0.992458523874967	0.981144113347806	1.0724109306308	0.797843568034194
Rmag_0179	131	0.140781875345143	0.000155270120229978	0.138737252491112	0.000155001255543463	0.0408200898271087	2.21675868832261e-05	1.34318251260804	0.177930120043542
Rmag_0180	181	0.196283296917297	0.0102897214766031	0.497546789405917	0.0146016368864699	5.9053247769916	0.00904048703785698	19.7760838521261	0.0145151124310057
Rmag_0181	115	0.602782122687231	0.138368098616732	0.603292163729829	0.138551667482662	0.934639059512259	0.841072421404206	7.60902604338644	0.0447021199390604
Rmag_0182	173	0.997671044914729	0.98901155266444	0.996733638472148	0.995276661820932	0.9546938939029	0.893920898029039	0.227602114111041	0.687360774449427
Rmag_0184	147	0.523509570408334	0.00195001838640607	0.516148791891615	0.0018748092039792	0.515362228805158	0.0205940286967748	0.920890962907483	0.715618421715762
Rmag_0185	433	0.616107678050386	9.09315712525061e-05	0.623573455131125	9.32862771424459e-05	0.792218757452994	0.265324243950842	1.10305572401294	0.360968275075895
Rmag_0187	119	0.0059939123127716	0.001977075534352	0.0736965818967119	0.0791662705355819	0	0.00122455857900472	1.20428112757101	0.343327982562748
Rmag_0188	128	0.62097830854119	0.00214404312418803	0.620737052045384	0.00214710267780327	1.00678361663215	0.985062439968513	1.62254324052064	0.0219238668443583
Rmag_0189	208	0.724049651998778	0.0638466418399679	0.00842706435326917	0.0149136069800957	0.00606989680124283	0.0501391320456167	1.0338888997647	0.847251804479159
Rmag_0191	132	0.206192926854452	0.0740676387730832	0.42134565429763	0.0385680987161936	0.124556136452763	0.0475447142208025	0.189416988474809	0.541648078037089
Rmag_0192	71	0.467252784777477	0.00925489809882796	0.410830080809988	0.00937972923722341	0.35372448280475	0.0229397041688233	1.09302213996992	0.930751222383587
Rmag_0197	382	1.14632425928501	0.935692404704431	1.0541337834477	0.908945659107324	0.708901094542595	0.636636722847209	0.39199584859613	0.218523908241011
Rmag_0199	831	3.39053307722358	0.376423721113812	1.66447657333734	0.613861167090374	0.0424984884895809	0.000282591969712143	0.781025312554711	0.0115554318048839
Rmag_0200	199	0.524394649244333	0.000537215399300073	0.538488737833549	0.000530960264794933	0.166855338240334	0.0022464067733432	0.731482059517047	0.0905221070563733
Rmag_0201	103	0.45856793841377	0.305717706530254	0.305141774965631	0.191016463181771	1.00806024182636	0.99239962173492	2.29453824724462	0.136575774562927
Rmag_0203	234	0.469385156362006	0.0224490739080335	0.468928044619875	0.0224086443283214	0.370726858250737	0.0575525635612318	0.763908239177333	0.195848579144634
Rmag_0205	198	0.00168013428988385	0.000133553624466876	0.0315685341048053	9.03601947458421e-05	0.616915783851889	0.762480851755393	1.18371341155129	0.938041665478418
Rmag_0208	778	17.2773149665372	0.118264457583937	1.30430066819494	0.62378134825991	1.12131224721452	0.72853190155583	1.032421873657	0.859435754613905
Rmag_0211	480	0.967080967538426	0.903627267290545	0.968498850930778	0.905605803043911	0.0452267382963623	0.0178238856441329	0.0184273507518758	0.198587993040247
Rmag_0213	217	0.828046410903239	0.57409564099469	0.828811310418247	0.575403928613471	0.317815626232997	0.00519885043445556	0.485521464652864	0.00640254065790435
Rmag_0214	138	0.63893363770789	0.0284793806032657	0.652521895237558	0.0280568509841282	0.488175550816374	0.00578715255876394	0.751785662321736	0.464344230902045
Rmag_0215	116	0.103491603644057	0.000328364487355182	0.891863327402795	0.955758195756337	0.62970429116257	0.0536468645867071	1.08980321829144	0.664435407438794
Rmag_0217	272	13.0806848407139	0.00281898481583687	0.82475607643182	0.598928806088864	0.82526639916883	0.611288800118262	0.90258795537203	0.693885035009255
Rmag_0221	547	0.476786296185588	0.000352246037770953	0.474814531191443	0.000352230597292613	0.429359333243354	0.0231836709348103	0.2964926291552	0.0840240583171131
Rmag_0222	428	0.135618325882692	9.64960310142482e-05	0.512161819255018	0.158508318905349	0.145890244310605	0.0369887405243888	1.12969631355923	0.913133970478875
Rmag_0223	217	0.408638911445327	0.0955550166371345	0.39305890038539	0.0880600719918575	0.524040344675625	0.564634856761862	0.988558229546037	0.948056445483787
Rmag_0224	173	3.0557061140874	0.570430976620306	0.728268644335985	0.674863536735871	3.62392200079297	0.731292001216518	0.880188867715382	0.458542210538179
Rmag_0225	74	0.662948568953372	0.04757450765357	0.662904291118105	0.0475650617359585	0.667426169175156	0.199641689882204	1.00162995211898	0.994318790474707
Rmag_0227	227	0.547852649429766	0.0325434979618429	0.555749318560543	0.0328180926260576	0.584223699275293	0.249132898148642	1.29615107888128	0.385555729222272
Rmag_0232	312	0.728202639986135	0.0994718737713743	0.727547112775117	0.104581324219822	1.01006653407135	0.965861917597069	1.28849431597148	0.0998340620798869
Rmag_0233	285	0.638041457326408	0.0399675101602541	0.160569861905175	0.000915467679151072	0.197993667368547	0.00233666184433423	0.950734346686381	0.785752473501557
Rmag_0236	475	0.53485927852112	0.000594572309711827	0.601804375247094	0.013767046240432	0.862845321440045	0.761119044402799	1.31251913182239	0.148575909061053
Rmag_0237	118	0.320200669434535	0.129088163164205	0.32276905987985	0.12926189596942	0.322979583441243	0.312439027741141	1.02923556347019	0.926379464541138
Rmag_0240	417	0.99999999994315	1	1.00200201415774	0.991413246170681	6.64061047382666	0.917608536900062	1.45810016540918	0.372784335398278
Rmag_0241	157	1.0406189491685	0.923648619654054	1.03733165720807	0.928541982625199	0.176470069160663	0.249510937351812	0.0750038194333279	0.0394382911465294
Rmag_0242	424	0.673167286318458	0.055359927015829	0.522524953666739	0.00735711142645878	0.465003124223677	0.0143810776299216	0.834043415285908	0.183610974569414
Rmag_0243	753	0.902707690145817	0.800410013103812	0.908301838128532	0.801923484638375	0.922023509812701	0.842013608169432	0.789815630204597	0.272977330686719
Rmag_0244	359	0.68101502226966	0.199670057207408	0.702039008688569	0.200845527951894	0.572250081533534	0.0644292422042548	0.862602243998752	0.220152257342728
Rmag_0246	207	0.794695025332753	0.806896494375844	0.796612525139276	0.816354030131759	1.55510727603574	0.604266191870623	1.22340281834484	0.538401507317152
Rmag_0247	101	14.7178997113622	0.381650464842841	3.7248811812625	0.676920076400427	0.268500065303149	0.246616390705513	0.729211198543091	0.465150837121479
Rmag_0248	656	0.22722302612304	0.00660575631422933	0.208978922063446	0.00692642307785007	0.129585827173039	0.00476015375325978	0.857210360948957	0.108726832640055
Rmag_0249	516	0.565639282062918	0.00569820974014312	0.570855961357087	0.00565276310644847	0.0128550342260837	0.7924546448019	1.47676660046288	0.136287419464729
Rmag_0250	484	0.709394353303005	0.0484449720684753	0.703426129887788	0.0482336746920307	0.827269415421809	0.588011113132594	1.09414954314887	0.540934515693734
Rmag_0257	262	0.575103628721516	0.310971336196827	0.679537216192724	0.43799565782197	0.506914303522406	0.535998034889895	14.8288534227741	0.302288169935778
Rmag_0258	313	0.942368804293457	0.851559357495966	1.03091129852494	0.893011299602065	0.823661989494758	0.758866773307614	0.786985481263413	0.262970847010651
Rmag_0261	185	0.521416621826097	0.0176488069946455	0.475601029635633	0.00221660501830745	2.90671227355723	0.38482386710622	2.02777341547861	0.659522332491733
Rmag_0262	239	0.425772883135732	0.0028319430362842	0.452805324445563	0.00265396064522738	0.589692436271667	0.124159461168986	1.06871518907568	0.636613455341284
Rmag_0267	188	0.758780586943064	0.30014063607802	0.77037666795103	0.287466784903313	0.908062760047621	0.77839057573539	1.17460578624507	0.370646631724108
Rmag_0270	472	0.740716595772047	0.194519353200715	0.739937635823824	0.187494677361488	0.0393139321447578	0.165311908900525	1.36632023370416	0.346791566889401
Rmag_0271	275	0.432896935244279	0.0388188254036449	0.550657875757625	0.125032348277433	0.579067625473048	0.568959558376428	1.16677819824172	0.405029880228119
Rmag_0272	639	0.70532925721538	0.0579580879369146	0.707823311442718	0.0580537596206347	0.90272528220465	0.731293197838775	1.36369479743254	0.173271017158648
Rmag_0273	406	0.756396803011006	0.429800376529947	0.787743240293738	0.459195356134263	0.875949460170024	0.854745480587807	2.11459801681812	0.543015606898375
Rmag_0274	377	0.900885017157002	0.931325131056085	0.486210362605942	0.16059503820755	0.499194826670371	0.277706339619674	1.01455626495738	0.945691197538636
Rmag_0275	230	1.56177954056228	0.725567982132223	1.46792692197872	0.719388304962932	18.9979366467634	0.182713500096047	0.0159374327041725	0.020911518757874
Rmag_0276	112	0.921943795649683	0.731633205724049	0.984663420844036	0.969472106074878	40.7962525510146	0.000110779684987294	43.9384664206557	0.00507793592185757
Rmag_0278	336	0.54703423912791	0.0421377937504237	0.547829160050221	0.0413648338322139	0.661892657621649	0.735937499789925	1.07595536762322	0.629856192721719
Rmag_0280	635	0.589585393632306	0.0935581783977739	0.591559046834162	0.11152570393046	0.354973363782349	2.34840931327973e-05	0.726059989261725	0.136307446920179
Rmag_0281	124	0.243453675904786	0.000220911547547442	0.517281920498524	0.00309469447753174	27.59567164836	0.94265376235887	9.44643259879862	0.000470440680248707
Rmag_0284	210	1.15949461698549	0.860557822723482	0.497578882956664	0.0339403965316759	0.250128705490754	0.0193757576900844	0.914105140988419	0.655942553278521
Rmag_0285	318	0.383166962968583	0.0270790378080554	0.750821692994094	0.408424369365206	6.46948051215219	0.213333300068914	1.41948356335247	0.289745892881934
Rmag_0286	102	0.656528255454494	0.0259432032032382	1	1	0.693630852777518	0.253296672011775	1.22436454529731	0.441978905548807
Rmag_0287	71	15.9573036772827	0.480446049598761	15.5034663604131	0.488513467459945	14.3259433811828	0.172475135758971	1.29123358788165	0.315994466218709
Rmag_0288	106	0.164289748506239	0.210825133568121	0.164756423099997	0.211015842927706	0.103185556142334	0.0997013874760185	0.165657164335687	0.342827447647661
Rmag_0289	126	0.662915826807281	0.0408876545887471	0.411222501560708	0.0195654694882505	0.483810742683005	0.0165944051719097	0.747887547192478	0.43657120165435
Rmag_0290	449	0.590338169145985	0.00205617411130987	0.580426725235511	0.00208166763143736	0.0972341649224451	0.00897462680208905	0.797594953116743	0.0809934852862453
Rmag_0292	367	0.484670196707856	0.00148755885605922	0.581671040484814	0.000725499191803869	0.0939287106902626	0.00132356942527501	0.788026756500939	0.287207273944722
Rmag_0293	86	0.282993417887269	1.70497528521052e-05	15.6370932074428	0.0553560988385165	0.29363811140872	0.242499342814805	1.65482367371934	0.901938261233949
Rmag_0294	298	0.952475765640134	0.849079241038605	0.944196285619765	0.861975760120561	0.821686891611095	0.625868289236284	0.919574495893007	0.736330271989501
Rmag_0295	616	0.721495457965043	0.462171308597552	0.694776026129641	0.223494421831376	0.483749112178504	0.0664568538877097	0.61356733685768	0.0931992526332052
Rmag_0298	312	0.606800097114573	0.102186745578345	0.522460833221054	0.0589861952347973	0.515382309576873	0.270926870271619	1.02367417398394	0.857998916808491
Rmag_0302	746	0.523948268603406	2.15132441627741e-06	0.524969625663293	2.16443111578091e-06	0.425022027513348	0.000111706960174596	0.256474688291559	0.00894599167481913
Rmag_0306	869	0.196268809822867	0.00243157356132429	0.194366534232759	0.0023818589507183	0.511350935723042	0.178975563647397	15.0494625229919	0.327748036832285
Rmag_0308	150	0.962528710818057	0.990606682127012	45.4338668029947	0.727465814469331	0.818907852572972	0.729128598794512	0.951606263518479	0.822022265938391
Rmag_0311	106	0.571511414404894	0.619964671601906	4.97104525385064	0.927567380050367	0.315450933610372	0.0883747814037894	0.659124903369475	0.146931498498892
Rmag_0314	177	2.00458516556051	0.588491842505003	3.71709256627428	0.608902263960821	0.617041706941797	0.868816753177469	0.822891408529116	0.317084724866702
Rmag_0319	95	2.39053756739998	0.588958531729356	2.29414777051795	0.588184055296809	0.763123963551246	0.812678450789614	0.903263159145784	0.819690490560383
Rmag_0321	61	30.6560972924419	0.257825215333521	28.145759714371	0.168943130769037	0.0173296387577851	0.101213944065037	1.04156886940828	0.9421236269265
Rmag_0325	245	0.218548550389574	0.0788366583516061	0.653913574651111	0.0504123587268793	0.51044754872963	0.0441598125982268	0.288992586004716	0.127720621832181
Rmag_0327	233	0.748894365340628	0.847262242506542	2.00848943406944	0.712613942008094	2.77705326950942	0.788553375151992	43.5340903043637	0.0842639097469401
Rmag_0328	240	0.0487163811750748	0.000555420029583198	0.167940987592236	0.682174793437849	0.645225991505185	0.110172461917686	0.109741730819412	0.196112450537169
Rmag_0329	322	0.0377541950059281	0.00184828702181305	0.792681592868365	0.840207900052731	0.209264268257721	0.271719206661	3.40187913284992	0.407865174918843
Rmag_0333	203	0.916436438352245	0.944746716288095	0.917041048064782	0.942215483181207	15.3743978744003	0.0969695545833231	1.89690723953177	0.0514834486354843
Rmag_0336	468	0.828898808209042	0.472275575460281	0.82652213639699	0.467019537194203	0.110063665466477	0.00336725311994446	8.8347564026956	0.192661497019034
Rmag_0338	399	0.44227952217338	0.0603186294145901	0.608737201706638	0.142726817247054	1.25338238454091	0.830058782226183	1.37166153305766	0.0140219737091586
Rmag_0339	244	0.503097661421622	0.000380248203132205	0.501984209166312	0.000384598214853482	0.483867994744959	0.0493701821496443	0.864861117597919	0.294350055601359
Rmag_0340	961	0.769730310684934	0.00211877714004782	0.689007924005752	0.000195408243147122	0.153363649939579	0.00224559369779598	0.890185879823923	0.195271025339829
Rmag_0341	361	12.2569550342159	0.301048437117143	0.200582020417466	0.262558594410057	0.458206814673415	0.233564693387017	4.28353460128214	0.64374996962486
Rmag_0343	95	0.42475747482587	0.00186564549199875	0.425834235373257	0.00187195665007567	0.277401436532865	0.00568861824122535	0.58244213513499	0.0609221669684629
Rmag_0345	477	0.490613978232111	5.26373990195061e-06	0.497173039611101	5.28657502218977e-06	0.301869692432279	4.38420120540961e-06	0.631570646974836	0.000934914632088946
Rmag_0347	216	0.877247621625901	0.806026068999407	0.916437012882575	0.861046171343367	0.0141664279683058	0.0265730629642281	0.621567762749553	0.0410936495505043
Rmag_0349	273	4.34901464022567	0.614606676771477	0.872080082844674	0.799258642774583	0.0847519137257837	0.136929051940444	1.35315994525246	0.600289959474472
Rmag_0351	428	0.676714492636607	0.0163727380179793	0.668899379572656	0.0156799296869664	0.681327601669558	0.167521954323749	1.14917734673673	0.743541632665546
Rmag_0352	372	0.00580997621082753	2.01678120475002e-05	0.652833467774354	0.018134156966873	21.27640022024	0.0784416252985357	1.18112020742747	0.116302926029178
Rmag_0353	645	0.0341146061320583	4.41394773720294e-06	0.789623249587593	0.0179991193436922	0.943533166438062	0.73351854943408	1.05123661938519	0.563685856647196
Rmag_0354	161	0.44402036149397	0.370125293457568	0.444685447747852	0.369858906162648	0.286164480260166	0.234230454005381	0.826798968073015	0.338152542622961
Rmag_0356	176	0.570070821736953	0.100619294331221	0.56779850474997	0.100630554698955	0.00832731787045381	0.168720491513226	0.94145512243551	0.73186065374099
Rmag_0361	725	1.16948183319703	0.612988560275544	1.3771051736301	0.440077986681676	13.7732396411842	0.148829030163584	1.1935952235088	0.392048878602712
Rmag_0362	195	9.33437811029354	0.196091568196374	8.58927154397029	0.197981546663806	24.6330274787338	0.0555767305754714	1.09782760708324	0.686606807460699
Rmag_0363	457	1.3369822228397	0.340161863523595	1.34198541751042	0.32796896894	0.889782909921137	0.725170469661141	0.854243708085792	0.127242474755059
Rmag_0364	485	1.07213589595082	0.732736535767047	1.0448887200139	0.844639304186649	0.754046803898809	0.318447178700227	0.120414890547529	0.0081741835139415
Rmag_0365	687	0.501394865498313	2.2783940936244e-05	0.47842947973555	2.25702287469653e-05	0.348333337846386	0.00385494343080728	0.762617024835711	0.614668297090838
Rmag_0366	329	0.473484484401179	0.00902096065469937	0.473479947022877	0.028099474686442	0.0558511967235528	0.0798935211270264	1.13982572700296	0.324715485053414
Rmag_0367	210	0.506560078633682	0.0188951939496633	0.506297817240073	0.0188905517645497	0.397749309721129	0.0264173077618779	0.678999504868123	0.32890805706002
Rmag_0368	605	0.111446797950412	5.07868118260202e-06	0.105414623274143	4.9002374690188e-06	0.612991807700247	0.00698937614671025	0.975340637416807	0.82600396840285
Rmag_0371	204	6.3802701037105	0.337122059966895	6.61843902545322	0.336882689901901	0.2975921788886	0.0566783134032656	0.443549578298364	0.0748919363098154
Rmag_0372	477	0.00758527990262436	4.52369142145415e-10	0.0166369640485361	4.74983719023214e-10	0.0312183422316841	1.70962239476324e-07	0.737372466329508	0.872567613719198
Rmag_0373	592	0.607971107080553	0.348103235648241	0.612248526278947	0.353066190075874	0.447074040561564	0.0405274193579304	0.83299670611987	0.266802626210639
Rmag_0378	161	0.433080475880572	0.00350571380117015	0.408190616207527	0.0036244149480863	0.329673796683078	0.0657164255830958	0.750682144851586	0.359415100967649
Rmag_0379	166	0.255463243455273	0.000276241941851163	0.355365864932154	0.011111993254963	0.0895135455452073	0.0182582260015127	0.737525860748041	0.230577591069665
Rmag_0382	360	0.58643550252777	0.0683953486717882	0.610405462708685	0.049043767137271	1.80273078568027	0.418420711237566	0.712442414297563	0.274564788502438
Rmag_0384	366	0.503892861326639	0.0498652024858471	0.519353680163531	0.0195335947758867	0.164172095780645	0.0378775048358609	0.336427579032329	0.0731623491238959
Rmag_0388	200	2.45907833662423	0.342212274717337	2.52096916527568	0.341141331951304	2.13976728174433	0.841274097890344	2.63713217691866	0.15213771174118
Rmag_0389	109	0.439905029510897	0.136279615912097	0.427564370920967	0.136657962019125	0.511162208001087	0.679715583414616	1.06118133357943	0.787445353159498
Rmag_0392	1277	0.960689927598605	0.721780509531175	0.977312341712889	0.884275527116363	0.062541055872089	1.17274641109333e-08	0.0404815771125985	2.36676567233474e-10
Rmag_0394	248	3.7281958724384	0.426466601697541	0.0708846140231346	1.72067415871169e-09	0.13747285375708	4.92990782313685e-05	0.622602198956762	0.000367869641902163
Rmag_0395	319	0.789118298050552	0.558576297842535	0.796362470207199	0.562848552402791	0.135183475479839	0.00285414044468668	0.376663913099847	0.00332835615065563
Rmag_0396	584	0.649546370055693	0.000363189579130618	0.625172220736233	0.000174152051644727	0.251199558756226	9.54017112071437e-05	0.894936692492573	0.295795096910695
Rmag_0397	204	0.442732341378876	0.0957570261842953	0.411252440905843	0.104943633649341	1.1477546124584	0.731377388172261	5.47094358547497	0.00746478487418267
Rmag_0398	260	0.401217222680393	0.0878472342162397	0.798349725478621	0.312012742496235	1.07749329598687	0.787964611242254	0.0146974821534693	0.0309410733352593
Rmag_0404	223	16.4694363492573	0.0177966764201145	17.5822958563009	0.0184647053763485	8.19764383262683	0.434889507376477	1.11679009593363	0.799122326813608
Rmag_0409	334	0.286980353982738	4.19685162955652e-07	0.281801187890271	4.19988884003963e-07	0.165186772772297	0.00431648738363122	1.07311245757257	0.644614310287654
Rmag_0410	622	0.00561032050673916	0.0159071681774969	0.713712172210804	0.0511175951246901	0.711990112147518	0.202316632964793	0.914749866228222	0.309187324148587
Rmag_0411	424	0.497984610363765	0.00486049592221938	0.454431571721205	0.00709781222489436	0.510657083975245	0.330988264370435	1.07672875190555	0.668474155005042
Rmag_0412	349	0.497422506974381	0.000125062510202722	0.177251556342441	4.42493926694487e-05	0.151424617835417	0.000878081578374657	0.896014442521309	0.345752894792349
Rmag_0414	157	0.290057645982373	0.00168978826865762	0.292988097607034	0.00168797181657443	0.166725712644149	0.0314116103911438	1.08056961249279	0.880629461036885
Rmag_0415	260	0.505066061579584	0.0512270339249016	0.480689149847894	0.0521932393714422	0.562786631839111	0.289679594081575	1.54448397130815	0.55213392437202
Rmag_0416	287	7.60876527851522	0.691921224638086	8.43660268670208	0.688830559535423	0.975726759247756	0.984957039383335	7.75112231844042	0.247099672825752
Rmag_0419	310	0.726678248715457	0.622200468870841	0.762131763805473	0.520479698349897	1.09697971489199	0.865405437857608	1.76465968854245	0.141309057157521
Rmag_0421	253	0.422088174167231	0.0455435027107024	0.433435571832292	0.0470614288049116	0.518167862956086	0.140489710632722	0.0513044884562836	0.0111554568879234
Rmag_0423	427	0.650472905163016	0.334728608457916	0.657037769353912	0.326906780901214	0.0789241846635963	0.00692029034825314	0.803973257269566	0.0459316190887169
Rmag_0425	392	0.629345902237808	9.51647518323551e-05	0.629614643321238	9.51208184364338e-05	0.699353694515621	0.0873224991813444	1.19931842416642	0.317179831484552
Rmag_0432	232	0.171360204842485	0.00487823368416862	0.164392654586262	0.00485514381925412	0.207679601232364	0.071067941227593	0.970837472730901	0.929155055094691
Rmag_0434	212	0.584989515593901	0.327609489885339	0.585847097153236	0.327879951868405	32.7244512568735	0.105055109902626	6.01912675164982	0.0481424966800826
Rmag_0435	278	0.382622428872406	0.0477706022366391	0.386216186377272	0.0489263405928352	0.393090779920907	0.00147069592247162	0.986233226616315	0.934046048701787
Rmag_0437	239	0.615822549878672	0.484484211631838	0.633778613924473	0.499301833807437	0.747534906037209	0.815517465800641	6.79918895613673	0.462933202214443
Rmag_0438	373	0.502485287957681	0.010050368419484	0.502090198639527	0.0100349693778673	0.596171639485166	0.634864983402848	1.04934900905639	0.85696258865014
Rmag_0444	308	0.333569545234311	0.0980662758538556	0.333835230217858	0.0980847544251799	1.7256872508996	0.508377464067718	1.48725404281577	0.0117205252162974
Rmag_0445	579	0.0762804706226195	0.0213280074625808	0.136887282461546	0.0207755534847407	1.62031997352415	0.409572898012149	22.7143477794602	0.0192919406830856
Rmag_0447	343	0.474366484418419	0.000352134307192276	0.473226249901355	0.000351177868311403	0.569391440679627	0.117698120899911	1.10853027626237	0.425555289120949
Rmag_0448	254	0.912262119237918	0.768581459502539	0.946539064385552	0.791350610085836	23.5898942961035	0.00930660267105843	1.40747337671778	0.0172554225973082
Rmag_0449	512	0.612652757025422	0.0347473981382805	0.395996515490141	0.0306416835987603	1.28141242154496	0.587172338264717	5.38700726652397	0.00630379035874728
Rmag_0450	140	5.6806422325978	0.643695912848445	3.63157274959136	0.67948656507988	2.73300790122753	0.736222599066564	7.55704961638138	0.107208839064353
Rmag_0452	300	0.666382836349777	0.308598083627716	0.666543468712305	0.308496564367784	0.71216830981056	0.571731242653013	1.05093904806707	0.824072096394436
Rmag_0454	102	0.231518608049168	0.0675629871897674	0.195339522558841	0.0417922536619226	2.95407711704449	0.771074620753777	1.08287439319653	0.823261597867607
Rmag_0456	474	0.508619336471974	0.101063488174491	0.524176931872683	0.0988067729342039	0.076451253904561	0.0044010823539965	0.294676145270691	0.461212955930424
Rmag_0457	125	11.1103189841753	0.19502010440206	8.73023435408587	0.138465596313253	0.19006245205736	0.00343739784272667	2.18524350940443	0.376773100949471
Rmag_0458	884	0.872233738369492	0.575450984609698	0.944394057374597	0.774526365082941	0.393387702690432	0.0162239897130982	0.773899752440249	0.313587642511073
Rmag_0462	486	0.0633941381723063	5.64512696737962e-05	0.0634201243776912	5.64549310932971e-05	0.331339541643789	0.0273164898752539	5.2046602708778	0.0486062830793658
Rmag_0463	225	0.98901331514284	0.982173140509277	0.942680655072465	0.946791153020304	0.21939191968499	0.00467752611174921	0.222628473790706	0.00323245420843643
Rmag_0464	915	0.222773482065364	4.91964780025e-09	0.165804111441848	5.34095734305851e-09	0.155919778999798	1.56069404289028e-07	0.863366105874603	0.216977493598603
Rmag_0466	564	0.664567261449651	0.116006682189733	0.565075096640759	0.0100141212307113	0.571484167720785	0.00537507678902727	0.949324724470689	0.617353178878852
Rmag_0469	278	0.0316656127876569	0.0434037336404276	0.0313508791296436	0.0449359470782155	6.37595952034292	0.551905194339291	0.00473097997636761	0.00642608688326762
Rmag_0470	375	0.813064723345511	0.783091735633764	0.778270241094958	0.755060102352349	0.308075685670739	0.0118249120512849	0.606877061094528	0.0042070470383353
Rmag_0472	132	9.59024734588992	0.474434791526788	9.81516610430088	0.473846073111416	0.0128966206474791	0.0804985685199664	0.39875766524625	0.0957680347930417
Rmag_0473	178	0.587898504313089	0.228335213097565	0.581030171642632	0.226984638610925	1.20234730106217	0.675192643462447	8.34532254061395	0.0205142246944346
Rmag_0474	471	0.110086990725534	0.0179154955653615	1	0.923923889159572	0.076563523658145	0.407978806227395	0.769474916512622	0.218500654683511
Rmag_0475	846	0.621185175567782	0.0317025491602111	0.618469832297424	0.0319943732926318	0.234448731101154	0.00184978815763137	0.366929545287739	6.49421448301046e-05
Rmag_0476	108	0.467938336888306	0.00300812307511855	0.467696478121589	0.00293552561927424	0.549617075171939	0.15980753412851	3.37109848784624	0.505511579783826
Rmag_0477	428	0.650659113342368	0.0235179162431379	0.334951476660238	0.0151819295181725	13.1906666798921	0.142827411195936	2.39647702031741	0.0012186779376544
Rmag_0478	391	0.926289163907092	0.748349487779204	0.924952287395139	0.758705555295891	0.610431249763646	0.17572010287906	0.243668807706177	0.285018644808104
Rmag_0482	284	0.985080123799646	0.964774486060443	0.980200487943195	0.970941462514115	0.575182763825661	0.443917030840614	0.345910699631154	0.211485150940328
Rmag_0484	341	0.74778073570957	0.33221210089992	0.73885244124599	0.328430323077289	0.972528291854946	0.989115088334193	1.58074761696455	0.216813035670271
Rmag_0485	65	0.498951993417208	0.0310670320849127	0.510260541665594	0.0306818009818195	0.596095516040785	0.215467306023814	1.17636328101334	0.677345382128146
Rmag_0487	237	0.796603256595178	0.70462579573881	0.810758038137386	0.709642330527018	0.796268091032101	0.781430231657986	0.954919273607565	0.879255457248008
Rmag_0490	250	0.622607686740203	0.132459286325596	0.572034644057469	0.149229658946853	0.703540463882863	0.691217542044619	0.541214513239988	0.300284678477502
Rmag_0491	268	0.0249026434744894	0.00326329980773288	0.02539145532797	0.00326195139881735	0.528190340445953	0.0144558913500287	0.825760364668027	0.163741829890257
Rmag_0495	178	1.0317703378177	0.920519002889501	5.01164891364284	0.587901157514593	0.483152833015437	0.20173398659291	0.661860020343554	0.0397751898978404
Rmag_0498	471	0.577089934558055	0.00124934822104306	0.261339392034646	0.0275922854352898	0.653902450739883	0.12942980876486	1.05980904671933	0.56772556578773
Rmag_0499	339	0.418322736315825	0.0224298102690488	0.557839945552899	0.0443606094004466	0.334783053441835	0.019165801017367	0.867077969704825	0.401839341758554
Rmag_0502	554	0.527126182060213	2.02337789034779e-05	0.52723747080261	2.02349085000053e-05	0.585802183019457	0.0151500880644444	0.984783155531302	0.883482266056029
Rmag_0504	205	0.439737586684652	0.0345093280320226	0.482778251313024	0.0356571944718249	0.579892942578142	0.440860769153298	0.918982447779724	0.663947058312638
Rmag_0505	362	13.4345826269011	0.0827894171974914	13.3653289553307	0.0825520953236077	12.1014952478931	0.0722530161840539	7.65176310987507	0.0486368413044038
Rmag_0506	183	0.334515929386202	0.0217530717060881	7.83625562529284	0.295527800924811	0.298124647089193	0.0295528268317831	1.1504610237248	0.698769602016682
Rmag_0507	143	0.250542385485288	0.0947949337726377	0.640754100906151	0.185023092154592	0.531223461124901	0.44592822809879	9.45990305466952	0.122351904711575
Rmag_0510	166	0.0436650920925818	0.000657312043099156	0.0437636509651851	0.000657225712475284	0.144848129227367	0.0207227270208231	0.852026724486342	0.446115105537975
Rmag_0512	261	0.113068336556814	0.0223607363567569	1.89962665008879	0.770529303502083	0.0410910360272573	0.00263070312650271	0.80368386143712	0.146214641901562
Rmag_0513	712	0.86969954586205	0.527873346601122	0.868212121281124	0.524522414608992	1.36862287621193	0.75558657047342	2.58115494425542	0.0559955397046792
Rmag_0514	81	0.347589927229334	0.494013536539589	0.359628533733604	0.485441969965724	0.254049799908138	0.0655906121962907	0.142666718142667	0.407003306452411
Rmag_0518	435	0.752372184673475	0.42464405844373	0.781614719424307	0.438219677818897	13.3841372127702	0.0843834592322593	13.3931990040673	0.0170765382704049
Rmag_0520	630	0.91352652609684	0.657617809456515	0.777369965697918	0.31088048465206	0.156595589195644	0.00117694366156196	0.790572582629838	0.198933597070464
Rmag_0522	341	0.640798300866001	0.313215584182553	0.640744344971898	0.313171531101527	0.642101215024974	0.23727947977461	0.905952339696606	0.493407549003818
Rmag_0523	758	0.317349442580875	0.00130472774890822	0.319722373073176	0.00156760852544424	0.49244274618353	0.000721376591428013	0.802122519874723	0.00462425782824571
Rmag_0524	378	0.527621804454327	0.00743290506337047	0.542723330224575	0.00709478595265267	0.567685174165343	0.321663602704042	1.08865148181484	0.552173428190461
Rmag_0526	224	0.446977717851424	0.121893107510924	0.455116885020592	0.121879047517668	0.257065160398489	0.0216894877512298	0.64204023284578	0.068385893643475
Rmag_0531	439	0.191447702670304	0.000489196267758674	0.191178007544821	0.000489673029652082	0.000945464824907318	0.00159063367123258	0.0876034342500803	0.373353498991826
Rmag_0532	322	0.730242148190727	0.450925795300233	0.740417677186949	0.454780094106214	1.52943867838279	0.530691970645566	17.0040606597893	0.0289085415238797
Rmag_0533	285	0.632673006984962	0.00625244220350807	0.634492037844543	0.00622568279997326	0.715805549822195	0.154518556433339	2.77307110241527	0.264092590685389
Rmag_0534	394	0.00964960510852433	0.00455911465587633	0.107964775745743	0.00732332441336903	0.208577384242355	0.101653338783603	1.19326022906994	0.297847320824949
Rmag_0535	769	0.589946193522294	7.72050375896782e-06	0.587832440781764	7.76584263151303e-06	0.31960967991314	2.10363753316844e-06	0.742647908751784	0.0256447983997136
Rmag_0542	204	0.637088107696209	0.465335988555478	0.0935566822745968	0.0242840890153886	10.8993928435316	0.10070362858901	1.33429496348986	0.168898262688372
Rmag_0543	315	0.603150808063635	0.00861537885086661	0.617750192434642	0.00894371666863247	0.625643940270232	0.102723937733948	1.00721710911072	0.978850720124078
Rmag_0544	1225	0.834353589225933	0.248794751525861	0.833634193662898	0.246133233911927	0.895171114853795	0.665815627210121	1	0.861625675044049
Rmag_0545	394	0.695087700173861	0.0600196109575591	0.701833614837882	0.061248292041552	0.729813404598204	0.22717280989785	0.462968212597752	0.0886028080074026
Rmag_0546	340	0.554037944009509	0.146215563030487	0.554125304570155	0.146139081632898	0.299064943290981	0.118943867496166	2.46359726616864	0.0277696211002077
Rmag_0547	262	0.0181778712919276	0.00176050419046847	0.523690318752629	0.0201332985657815	0.400480770928337	0.106180570783631	0.545155533319195	0.0720760903800879
Rmag_0548	123	0.327026148909977	0.139617313103385	0.32923075503814	0.127777321822806	0.868547618427931	0.790481464289687	1.39775002427399	0.119580905409959
Rmag_0549	265	0.341168683571837	0.355512614226876	6.95109565659624	0.522604087878645	0.604273939379983	0.310654369743915	1.19745422057218	0.605089664585598
Rmag_0553	776	0.630453950101157	0.00153189722638414	0.629557269453074	0.00152978584521257	0.642006632514996	0.0618823948297164	0.907001755451451	0.248683842068646
Rmag_0554	332	1.12602416442429	0.842626681294635	1.10905305365183	0.839365348505887	6.81860905399276	0.00214370078121906	1.89024315162568	0.0249096848908348
Rmag_0555	147	0.288547060860252	0.000355903825860149	0.285461208089079	0.000355557646474991	0.315246471450449	0.0169658487481141	1.0083517369754	0.966244309246486
Rmag_0556	265	0.309046246202826	0.0557499282565305	0.305227705794046	0.070695878340958	0.427565591357799	0.605698507398917	1.22781142273136	0.135794090999932
Rmag_0558	89	0.121675409817274	0.485405519624993	0.124171625224203	0.486375870603237	5.8498727867728	0.211820338690749	0.0288416334214841	0.103883855144117
Rmag_0559	205	0.462542069367229	0.0219280436146101	0.461900684275907	0.0220555953207828	0.370024204397464	0.0109351756215171	0.821235501620869	0.346646997362878
Rmag_0560	285	1.04184203734454	0.840053996237369	1.04672400532994	0.841794428260737	1.02676011876464	0.916787632022421	1.22343755481155	0.190578598265939
Rmag_0561	95	3.32875440144717	0.237661032655721	3.7545947427235	0.251714989284295	5.28601883097462	0.378303530149514	1.22638150015923	0.534678565534471
Rmag_0563	640	0.383415104652386	2.74683540357756e-08	0.383403104656027	2.75625896550835e-08	0.240114090752765	4.6180836932308e-12	0.721712427114835	0.00853505065357252
Rmag_0565	75	0.653838961495438	0.804244970982107	0.66831494894774	0.807075133630356	2.43138273103726	0.440667217880221	1.32248759142122	0.349352967872928
Rmag_0566	415	0.660317128645494	0.00490794682755635	0.65949737734082	0.00495356612284181	6.33758382640806	0.347381330244029	6.04959596929627	0.00408723867357585
Rmag_0567	71	0.301054058336516	0.0933897809316393	0.30329001694702	0.104493904761409	0.151184689684387	0.110775454074023	0.949486138010795	0.977325379458766
Rmag_0568	650	0.684365436825592	0.0486098217619161	0.82321867723341	0.232867052081129	0.448970748563974	0.0134686016073765	0.107740422414777	2.42098844022154e-05
Rmag_0571	365	0.860751011310813	0.470583533706208	0.859854731544399	0.471270510001485	0.783784084306644	0.385568891246752	0.02787248545611	0.0391705712675049
Rmag_0572	112	0.635219470026096	0.117081458927468	0.632214551855526	0.116751880978361	0.456017516010384	0.255400541397753	0.712565750966472	0.135789714441318
Rmag_0574	171	0.578260423018808	0.17808957116105	0.332211414006281	0.00942225720148193	0.299896354952239	0.0636335793402927	0.109527083683862	0.129244119525961
Rmag_0575	107	0.201838399194427	0.0201071408670576	0.204076223074724	0.0201233333256192	0.716296316644779	0.722463152953521	8.82878350617664	0.36912312780439
Rmag_0576	126	1.02367775237228	0.980865477202223	0.0087378460526237	0.0742277241973475	17.946096448793	0.110066735330568	4.11341853954192	0.25137126217147
Rmag_0577	406	0.711222426572158	0.0235742163764138	0.710846079288137	0.0236107227016551	0.684665888617243	0.0746390725620734	0.915188369731092	0.399670610981763
Rmag_0578	141	0.00494598506550291	0.0129019327123221	0.686752664362158	0.0630727385962847	0.0244709768542578	0.124498667799541	1.56421934200721	0.103434170521696
Rmag_0579	245	0.745890173801527	0.343392958348429	0.736621531911317	0.346814091617575	0.567488727674903	0.184420234555034	0.0032967347028395	0.15146963785755
Rmag_0581	263	0.399755191746258	0.0163979511517233	0.253425751893777	0.000287038678236207	0.289612282425633	0.271290041477302	1.13259009818967	0.463327648299964
Rmag_0583	174	0.520560398891271	0.0629711410746807	0.574905660938528	0.0409066780393431	0.733775355048159	0.414757165370442	4.48377110849493	0.337742830844594
Rmag_0584	311	0.20877715606105	0.01956009730456	0.158189764208693	0.00374771798540041	0.0537767220287311	0.0199712803184222	0.150839224810854	0.268332375458731
Rmag_0585	407	0.126256319363407	0.00779776418661771	0.0969075003607217	0.00812976821790601	0.101806293736427	0.0343576003065781	23.3102808335948	0.00496243146698294
Rmag_0587	421	0.46589978036917	1.41952465596562e-05	0.484057238352228	0.000659581584790181	0.316883132964852	1.55627816575965e-05	0.610396447517668	0.00409395134523027
Rmag_0588	92	0.385443477240429	0.0539713712448608	0.386967222944462	0.0537251506641836	0.322666411221073	0.0204177411712134	0.917788037119329	0.821523746577054
Rmag_0592	580	0.0341861496608176	5.40183798691807e-07	0.64251822204265	0.000386866776705852	0.144693858955516	0.00125076835092031	1.64891105045622	0.000357562091962693
Rmag_0593	235	0.438328539953598	0.00111931431946744	0.488138841818233	0.00324858934615368	4.23678945821532e-05	0.0785475215815947	1.09024025476494	0.667017876096747
Rmag_0594	533	0.545699421220614	0.000445172845765396	0.560992518399848	0.000453734275937201	0.207096371525584	0.00872295722677752	0.91045306337946	0.409957439405436
Rmag_0595	162	0.106901006455407	0.00975515036134289	0.106809740063902	0.00974930158026388	0.147457593256755	0.0016377648517647	0.475294029959886	0.309009497684127
Rmag_0597	223	0.353265901690496	0.260742084183444	0.381252427264317	0.304065781278854	0.209407650522438	0.421025572094388	0.190975196261421	0.334714941977605
Rmag_0599	225	0.747604413730595	0.544762628506584	0.746225995543655	0.542868820215504	1.68913878335925	0.50233867169828	9.29265895366165	0.0827556748220055
Rmag_0602	445	0.475515917261907	2.3020282619024e-06	0.47626482766952	2.35295091999266e-06	0.398515564530528	1.09696152443828e-05	0.803480100452057	0.0497556908667328
Rmag_0604	476	0.100778699137916	2.39377550337316e-07	0.540848190561793	3.98375682153507e-06	0.491461162397536	6.81421570551954e-05	0.933050976821521	0.812017618362205
Rmag_0605	264	0.589175343565622	0.0646955646303105	0.577949467078535	0.0217747671549776	0.75287539320585	0.55360712983655	0.998473586624989	0.990636515907973
Rmag_0606	611	0.635963500476908	3.13987428834928e-07	0.531843147584327	2.79661089952477e-07	0.335205785143592	2.22581519659926e-07	0.564797527339247	7.99316705013542e-06
Rmag_0607	149	0.551491987403615	0.0767979516840775	0.601498511148853	0.0210552134854096	0.111733476579165	0.00013972199850365	0.0774025230239992	0.0533622033190301
Rmag_0613	316	0	0.000169130219221492	0.0110552443178833	0.000113850645427016	0.777773228381129	0.23279781356353	1.21896762820934	0.355875499647387
Rmag_0614	222	0.487046752849779	0.0511421518360179	0.56612982047053	0.0391181205112173	0.257796962139962	0.00715553475427955	0.702093193098207	0.0452930132882053
Rmag_0615	237	0.38187135869222	0.00336844931919844	0.381840353565464	0.00340485397644485	0.570747916911621	0.0558893776103245	4.39827290024903	0.188782587410502
Rmag_0617	261	0.929816249168872	0.675746837881512	0.929875305185314	0.671368127801812	0.786818557491119	0.315300043915809	0.839207435946362	0.340948485800636
Rmag_0618	104	0.595729749073133	0.20908681591082	0.596709893499868	0.208927278123117	23.552585957668	0.247002252186667	1.35684756806318	0.193967963383049
Rmag_0619	227	0.600316335009717	0.152331054996336	0.596166537437564	0.153501219393024	1.09587618042793	0.912288374107466	1.32048266785056	0.148047538451591
Rmag_0620	456	0.735839803339999	0.360542677876579	0.733541053297226	0.350455545436321	0.877449539536329	0.839573647784473	0.983433080087498	0.905242665260772
Rmag_0621	307	0.285022879008037	0.0201930862671483	0.282022193031071	0.0201855079743369	0.0468433965907531	0.0435883967527746	8.89125868913825	0.485567828843246
Rmag_0622	113	0.358768474149716	0.113298799145323	0.367055684549027	0.114045106430463	0.207834984468952	0.107852077058117	1.2008906668485	0.847051671311473
Rmag_0626	366	0.64351728943618	0.00823045349525686	0.645253074421823	0.00832692786726652	1.39246980411574	0.446297836960166	9.16530833545718	0.00117180254337568
Rmag_0628	359	0.598957965280771	0.00887804229673317	0.595579058316859	0.00889826801599314	0.642766166856654	0.165053025620454	1.11390085976562	0.703088989409491
Rmag_0632	419	0.667154735025658	0.010285029783725	0.189319947921092	0.000758399916957586	0.083720116493646	0.00136461108657682	0.805339808653671	0.495534303507262
Rmag_0640	156	0.647483925047708	0.0351449051342312	0.655420582448005	0.0398100155667641	0.741954542584533	0.26655816210556	1.43955141511366	0.0496607585635723
Rmag_0642	789	0.504513926979762	0.0125412546210464	0.155393189862542	0.00107439649322483	0.537042049540032	0.0167826903775821	0.907129934750036	0.660693989288926
Rmag_0643	341	0.670266664487403	0.0261429484228857	0.0957588845033141	0.000120630099800789	0.00735763987606004	0.000283367733109663	0.680871538981054	0.296686026389358
Rmag_0645	125	0.47862301926733	0.0324445339548827	0.477891034177944	0.0324331809318599	1.14535322502074	0.738096839101696	8.47926050239695	0.0266316044997515
Rmag_0649	573	0.901598731164997	0.792102160402141	0.83229689188146	0.598224469732062	0.102025832295663	0.000646307716936079	0.0359354457802019	0.00688457204703541
Rmag_0651	332	0.744044022245203	0.411716447186126	0.618749683310537	0.207169460676852	0.485784997491994	0.200229688035174	0.937318635683271	0.707055038415536
Rmag_0652	157	0.344360936872593	0.000480027440630248	0.356318738349214	0.000361963449834746	0.420879886265363	0.0249023286668612	1.071073230336	0.782007681308485
Rmag_0656	617	0.380171493965617	0.00441014048342214	0.500067883685778	0.000824898583248079	0.465205914164892	0.00923427255516451	1.86051045704095	0.434398698670677
Rmag_0659	142	1.10119056222771	0.931666701797937	0.571999204039287	0.442778565177926	0.597274868550026	0.455488696235081	0.854991221705539	0.506410521809303
Rmag_0662	228	0.591423181925842	0.290985890116287	0.60620925312605	0.292469008631387	0.731560101631075	0.51210199941552	1.26253202561822	0.217295207705425
Rmag_0665	84	0.693544416030668	0.448188566940834	0.715382497309961	0.449031113628808	1.48257279247572	0.465966862166491	8.06962600560646	0.0732263010813269
Rmag_0666	151	0.768360686785855	0.685358013906104	0.674872342945652	0.673056620796549	0.542585190230598	0.220136553302985	0.0266040991165331	0.0185378529785518
Rmag_0668	352	0.708003690792404	0.44631581377562	0.708914707274103	0.444487837977667	12.9742614978102	0.0705830418005393	42.2472167944909	0.000382673260973521
Rmag_0669	243	0.682731480001814	0.662674721513137	0.686219015015728	0.662554830967922	0.350887746850855	0.413085127018068	0.894756939623936	0.881579620843232
Rmag_0672	205	0.727154344312237	0.296654257903226	0.735301332438216	0.300206744656288	0.237526968178357	0.0383537494646863	0.576356214348871	0.101033339402328
Rmag_0673	470	0.464418782422496	4.38112566558679e-07	0.465099265049117	4.37796911612054e-07	0.465356263269829	0.0015208060332178	0.983125230922677	0.917338613391424
Rmag_0676	578	0.69268618347063	0.0165054969476399	0.686298091479648	0.0163595328812312	0.768756530518546	0.367777321751912	1.15451626789193	0.391261896799648
Rmag_0677	356	0.0178799575686415	5.5715366822362e-06	0.140020454950496	2.24603566677528e-05	0.120512801779222	6.59155532820588e-05	1.05757233718131	0.631837317110872
Rmag_0678	105	0.188787268746456	0.00369392840370808	0.188233504162514	0.00370123291717306	0.569619309953386	0.187035735676967	2.92726444451575	0.116264972213558
Rmag_0679	202	0.621320186963832	0.188187491358787	0.624812229340718	0.189169222288789	0.182157790613549	0.0600123378884806	6.33052297489784	0.0147028353290264
Rmag_0680	114	0.0116614005031247	0.267929435338447	0.0127414130903582	0.26831228994566	0.471723895968151	0.325343825415852	0.108411742967368	0.488230508248655
Rmag_0683	225	0.448073772141621	0.25037614674801	0.447946555873117	0.250884852948909	0.429065426429673	0.148605428755336	0.845621104237888	0.462204987967377
Rmag_0684	345	0.545447484496821	0.0184938335012117	0.516692112911244	0.0183759336250046	1.10767243909611	0.958517494814305	1.40059235403287	0.0662297603699987
Rmag_0691	424	0.213718313548935	0.000309327441981755	0.215466404511979	5.95724594522062e-05	0.323633788643658	0.000910267860009362	10.9968643342269	0.597150576978269
Rmag_0692	180	0.571353899323212	0.00885261680726646	0.504917362032016	0.00326929910351215	0.539818838499218	0.110610417586962	0.178026605208453	0.0557875911061825
Rmag_0693	331	0.317753377175827	0.0327954476161115	0.427141729438991	0.0256790882373618	0.375486923780744	0.113149958623879	7.56763255972764	0.038358612579927
Rmag_0694	92	0.501018177280173	0.358748180092028	0.498837805209193	0.356244540260855	0.779930094834147	0.704150814735523	2.69652248354632	0.228027145509589
Rmag_0698	182	0.307851675921682	0.00654400714463443	0.307625201934474	0.0065409171455616	0.297005792116345	0.00319085179502199	0.877651037150782	0.633788208720714
Rmag_0700	271	0.666746554539571	0.0474040890132712	0.685258443856814	0.0720244101978241	0.542638315712293	0.214832393667245	0.832976736529971	0.202622372656845
Rmag_0714	388	0.496403228566306	0.000139620488334491	0.515107838252205	5.14114144347655e-05	0.590380363504492	0.00727631038487131	1.32006753031372	0.269462019136028
Rmag_0717	110	42.9125064694389	0.246226459026047	9.69593837191949	0.633603646797049	0.985673979258476	0.984424100411064	4.07097271254937	0.149645360425224
Rmag_0721	707	1.03699830130842	0.840175223732912	1.04022907843128	0.798379660675875	0.711137081596096	0.465960425985973	0.205614423911628	8.77742323268649e-13
Rmag_0730	417	0.882247845870035	0.739769794315763	0.832055111315664	0.673103119477582	0.865904092532733	0.757681405037467	0.708819626370854	0.774527999914622
Rmag_0731	363	0.443685938421281	1.24160594118239e-05	0.444947848963899	1.23906248231664e-05	0.530856171711451	0.125939886975015	1.00291467852648	0.980255202737184
Rmag_0732	268	0.550142056133632	0.0101270208168528	0.562118100499621	0.0182030934169164	0.634425978274659	0.351478575936674	1.04798641305537	0.77454838028175
Rmag_0733	135	0.953603614732596	0.941723172597332	0.89047487772653	0.661595639721799	9.73263478484773	0.340209803619668	1.22591811265209	0.288780077966017
Rmag_0736	201	0.721747237781446	0.423185658802635	0.72277255744832	0.424261131202664	1.24933681463057	0.771312496929012	1.23387581329844	0.551595668120013
Rmag_0738	379	0.678291854770298	0.0417368817017606	0.680945954121268	0.0416189092354579	1.46368941560486	0.421554864329993	1.55787338356541	0.000695840388714397
Rmag_0740	307	0.483522087548684	2.40145517846901e-05	0.409482803573299	8.86599772631502e-06	0.378915018559771	0.000327912345897907	0.00269481541596059	0.0214542820698918
Rmag_0741	208	0.720372685330268	0.441122520246195	0.722782543179867	0.440993917559334	0.357552733078228	0.0136435785414118	0.381420313600387	0.0652620403559743
Rmag_0743	453	0.67888151802638	0.000229396440487917	3.24723565850909	0.576912526455954	0.414285189409035	0.173247615945996	1.08979646787561	0.474836240936257
Rmag_0744	239	24.884520622441	0.0464771236792106	13.6668071059759	0.0493551156299452	0.263463343797982	0.00153290550022533	0.720536875417552	0.330318500210377
Rmag_0745	172	0.156342200972872	0.203549676704246	0.160076429631339	0.20393753792021	0.990056428441259	0.981397650199308	3.050754147928	0.0820016589915037
Rmag_0747	366	0.43507320326208	0.00085287213499563	0.435053355572859	0.000852287715373046	0.610815203879879	0.256091918414133	1.19338092929458	0.155983796110616
Rmag_0749	97	0.122349079623921	0.266211358742069	0.116669591230564	0.26498699467825	1.06543943435631	0.937311139722985	1.63681297700618	0.680968429878062
Rmag_0756	157	0.519448232075668	0.250851604694408	0.486325814161823	0.25274402328352	0.836422022358696	0.868739427287341	1.42366664532491	0.306321649709605
Rmag_0757	473	0.87718006203004	0.6041423552405	0.857645264412851	0.539686542647919	1.02922894166333	0.973216698698175	1.4072512545185	0.556173279386047
Rmag_0758	281	6.20747439256559	0.492022346738832	7.68268446993632	0.732352415048208	11.9265489867474	0.106927879802168	1.34211632572335	0.494007118549745
Rmag_0759	306	0.0427396557251009	0.0229842750102134	0.0147147627004975	0.0324202101715857	0.00516554336738766	0.00206279511119023	0.690541094909912	0.0899316461690932
Rmag_0763	102	0.129404853667316	6.70078657927231e-05	0.126457207027307	6.9067675159129e-05	0.260815668423102	0.239487970277266	6.58306619157679	0.430696791834528
Rmag_0765	311	0.671974991090337	0.391083071720248	0.67095212188175	0.391559986551076	15.5903451006615	0.356521378125085	15.5456708993448	0.000416200215814899
Rmag_0769	428	0.599945444381254	0.394331804265131	0.607879004614948	0.395834758875998	0.515325734597121	0.66147377050746	0.968122681349153	0.89848598732637
Rmag_0772	297	0.682905356016927	0.0407620123336156	0.637069454916188	0.120758152789138	0.567290228894638	0.126109655821236	0.808361832751015	0.140888376120889
Rmag_0774	140	0.254820415772875	0.00101827237374752	0.253614941254199	0.00101985928298221	0.421194299282797	0.0676518262622111	2.86017303672099	0.209773624808871
Rmag_0783	308	0.489352859213988	0.019450151167224	0.291363753274879	0.00365094789498799	0.561377584195313	0.566377749299241	10.250080458653	0.265914894782221
Rmag_0784	480	0.741975809236593	0.0519468071346049	0.733392742769868	0.0500684576223601	0.703904601793872	0.0505222071128503	1.02800742506884	0.856878550171792
Rmag_0787	859	0.0490920410131957	4.22024193369452e-10	0.0492325305958288	4.23853063757917e-10	0.0037625550875237	2.23678016220141e-07	0.93599539204642	0.439653266861173
Rmag_0788	220	0.504002026919605	0.0231891934895377	0.503797499833433	0.044383164470421	0.576081599158935	0.288698267167858	1.14427409607558	0.493691290882777
Rmag_0790	277	5.67081221795038	0.735467834240767	0.00744380223866541	0.0916056809161329	0.461645191261097	0.492383888251676	3.41393750459978	0.725667957484604
Rmag_0793	496	0.593655390782225	0.034823509305167	0.592918998628838	0.0348378328695294	0.811041339075137	0.681002983954286	1.32542455644127	0.269619326123928
Rmag_0800	350	0.123745263618604	0.100655158107445	0.279630666637549	0.108917180754463	0.582436091628523	0.45810752612721	1.59429944077081	0.274356864218893
Rmag_0801	397	0.475513734359062	0.172115037286143	0.474728770793321	0.172187043568641	1.33549892226219	0.609158306778752	6.47884492892276	0.00437273045226061
Rmag_0803	1171	0.692807342408212	0.0899542019817897	0.692715215569233	0.0898403924346286	0.74334045392191	0.474357592839514	0.277966369405694	0.0729531428941448
Rmag_0804	117	0.306612872384386	0.0873480839234235	1.10552021605747	0.978470915864429	1.98510023383957	0.668216966982692	0.634981965456811	0.144376323224279
Rmag_0805	288	0.450665728501571	0.0362369479587761	0.453012588996217	0.0354052596828986	0.497868839053552	0.241736116537528	0.875474062083722	0.62965448496986
Rmag_0807	148	0.0249960060519261	9.27122116622936e-06	0.0241863461184745	9.22340190867565e-06	0.0600741066294424	0.00777201375165981	1.33492791108513	0.283666594269559
Rmag_0808	115	0.666038055245077	0.193152658792493	0.653309170517172	0.187651137569855	0.666683243527835	0.0723358876749501	1	0.761356593145097
Rmag_0810	1399	0.977360436890847	0.852809720894258	0.982866334515901	0.886197168327532	1.16253334384958	0.340833898174626	1.14522478469208	0.0433052107239819
Rmag_0811	1360	0.635548216251809	1.36385817772755e-06	0.0900753517020356	6.98009900990115e-08	0.794834676842478	0.20777376167319	1.29833795425419	0.0715579742380585
Rmag_0812	127	0.591744247489069	0.0286294847141639	0.429143656623523	0.0684737002399647	0.0362832745669744	0.0115171917871381	0.203797617829714	0.169267733995308
Rmag_0813	174	0.371310764541588	0.00663861376319219	0.038641585671443	0.000214340906873889	0.24082453225205	0.118658846969564	22.4511190670974	0.00707617501645552
Rmag_0814	253	0.554127630791197	0.0676254533400518	0.219642740109503	0.0500127801186795	0.507828582695114	0.289538278380181	0.0070737603920814	0.0260105609565214
Rmag_0815	165	0.631615290313772	0.0189841467627253	0.186295726477434	0.00771137950157952	0.623352630796885	0.0554573165852462	0.935151115516895	0.939095405980379
Rmag_0816	177	0.726841781794406	0.335262030044347	0.709273616997137	0.322976177328498	1.5370908142857	0.553800158266784	1.40069822641707	0.0922340009721999
Rmag_0822	112	0.416034085301184	0.394774148716629	0.407025319575918	0.39423128744978	0.198598925573498	0.360813932763978	9.76414200969494	0.196337364203145
Rmag_0824	377	0.00878974790027983	1.65510643596045e-05	0.00880457101611833	1.65842653271353e-05	0.113840759728806	0.00170580898936423	1.05244077608032	0.666817804074683
Rmag_0828	249	0.56811706888222	0.222221401099557	0.867560874859757	0.860311423738317	1.10875111698092	0.925906826721315	1.05927291194197	0.909280154372579
Rmag_0831	284	0.125305631742757	0.809930276801326	0.18500492350078	0.0100241082661784	0.025067203655725	0.00414890634655962	0.0903705248674225	0.25671291826521
Rmag_0832	285	0.291103427531787	0.181817383807475	0.285914739770964	0.089361406768465	0.176795232806278	0.000858833946458581	0.22784372055331	0.000807589608735726
Rmag_0833	137	0.453247716284748	7.01985710127584e-06	0.460287622044524	5.68512990961612e-06	0.469913538761753	0.0354275272552228	0.970872618170169	0.936113936869333
Rmag_0834	261	0.598676736686938	0.000664522314895222	0.592670850555456	0.000644193451986852	0.59937403910736	0.0739218077729509	0.952019922195912	0.741419116036618
Rmag_0835	379	5.52494687196051	0.247564999330926	5.85243824474735	0.249616660284599	11.998376250876	0.00132035843031386	1.4872166712625	0.016529536276266
Rmag_0836	285	0.477085323270919	0.0104989807467183	0.477945399387715	0.0105998121901858	0.00444058890951905	0.0767574899520092	0.992977035851512	0.808336120888207
Rmag_0837	163	0.447266696081139	0.00418857545387219	0.401751584669874	0.00237689442605149	0.419002162292943	0.199953059270256	49.9999999999999	0.0881259383703434
Rmag_0838	366	0.746941605690407	0.156196926625065	0.609399191242297	0.0065739507337671	0.643360790073563	0.102698204876767	0.225794418964446	0.0896791483840734
Rmag_0839	124	0.582574474042842	0.112261937876247	0.582450158693848	0.112034175215044	0.468035902110916	0.276452085870456	1.08154809239082	0.708667147009687
Rmag_0840	279	0.762648275294065	0.311089145701244	0.762316244795198	0.314458841726777	0.87938359248276	0.816807382901206	1.35294805044181	0.139516640864894
Rmag_0841	245	0.524318881288197	0.127421122407333	0.524167187951297	0.127218445724328	0.629973881789693	0.5986414201364	1.06515761505408	0.731180057795388
Rmag_0843	317	0.614817689111963	0.14761648022278	0.616627738696331	0.147695999480753	2.58897689596282	0.105306327644675	6.03366809795381	0.00028159696094654
Rmag_0844	412	0.568270244601457	0.00102281035092366	0.578585602375283	0.000788099450941271	0.353438554363197	0.0448170415426676	0.737182184131361	0.240770443077592
Rmag_0845	227	0.252907122015835	0.00054916751207934	0.168436907953862	6.11080918875295e-05	0.306826467349318	0.00968620282119415	1.02853191412474	0.98546898054495
Rmag_0847	377	0.546822023994254	0.00592063047574509	0.491433145151881	0.000384969182267825	0.369524436087313	0.0194228018608074	0.906614514302495	0.473018937301053
Rmag_0848	613	0.559513060184781	2.16939369486191e-05	0.553639673782268	0.000614603849436457	0.686471875509543	0.0877342984405849	1.3312309798752	0.166528969378793
Rmag_0850	72	0.434555728211814	0.00178562456559383	0.444844456842869	0.914532789795983	0.586078291791188	0.17178423156469	1.33502259230946	0.527283192099942
Rmag_0851	273	0.600781590573575	0.118889377630485	0.420099288641819	0.14103436721577	0.810655865189905	0.744812058127512	4.00529091768634	0.093308547954251
Rmag_0852	154	0.366676369579675	0.071674297018682	0.524944136885379	0.0902389904884594	1.51153055456217	0.757896448321763	0.775337963456811	0.270909801589751
Rmag_0854	198	1.79304946672303	0.68416297666082	1.53272399174343	0.725275051040791	5.57487290630943	0.299349714190005	2.03952541079906	0.102296804306308
Rmag_0855	317	0.338302905078202	0.00160050422142033	0.333910729847004	0.00159349913952134	0.412485196132552	0.0195985759591605	2.63444717602182	0.0283708084010443
Rmag_0856	157	8.98300145771855	0.390608126923286	8.28006010093695	0.39191059088211	14.6805323767005	0.319180903898421	1.74815542631308	0.63033214822845
Rmag_0858	574	0.90924553211214	0.77124358343326	0.910314129553498	0.771425073483237	0.572930973850173	0.309999381848012	0.101502378649891	0.284976862301521
Rmag_0860	245	0.724484411399886	0.200547775098024	0.721320431246354	0.200730503464873	0.0450670212586342	0.0023242694039477	0.710897811505776	0.0222565167490845
Rmag_0861	136	0.800831228300256	0.748655821108181	0.0481056895705837	0.14091749885114	0.571598268887149	0.509999247864885	3.42185029409889	0.164915213459099
Rmag_0862	654	0.107926841973314	4.9064449769709e-07	0.106911335454634	4.77149723621118e-07	32.5053414755327	0.0102810278715374	1.16345956747264	0.0708701726679516
Rmag_0864	285	0.00323877960119481	0.0273880128488042	0.610420959427118	0.263029211161031	0.137376632154552	0.0170875403434975	1.47542410521927	0.166428743683544
Rmag_0865	107	18.5461531717134	0.0357538107501554	1.34634601718071	0.24861264267746	1.30037372866289	0.15870886629421	0.936076681615686	0.784648857024821
Rmag_0866	98	0.330964541957529	0.0010066958040319	0.330667772333393	0.585763907872364	0.402017841800731	0.133052662414742	1.15839572704062	0.659518179383109
Rmag_0867	134	0.738845712899246	0.540251742307158	0.273779953779616	0.505153825984351	0.909667042749736	0.856995524745712	2.1784499408227	0.0725798377863163
Rmag_0868	133	0.0305965692967014	0.116597977745123	0.0554795540694823	0.116946128090432	0.0228808747111812	0.0238244002845551	1.11995307791123	0.571878424887768
Rmag_0870	434	13.7580957135924	0.0450626578031385	21.4756963842181	0.021845903664451	25.1556368761764	0.0459361614379308	1.00792194665212	0.944810322119692
Rmag_0871	477	0.569385706570028	0.00687344600646345	0.681910113226247	0.011965028646801	0.423075223730118	0.00781867690249138	0.876054598107564	0.500564000982461
Rmag_0872	117	0.576582559677162	0.0846982809274091	0.576838431208458	0.0848088380667299	0.108291873328824	0.300241719220532	2.84583146037449	0.0439268525142615
Rmag_0874	162	0.495309970847854	0.00754535352602614	0.483979995270935	0.00710098256248071	0.484866999301869	0.042066533595821	1.02380104166725	0.972393753514689
Rmag_0875	1069	0.567345718330686	0.000716866381924697	0.568524096228564	0.000104004495667831	0.00617746518637674	0.149006130605375	1.00367483871301	0.987622197023018
Rmag_0876	229	0.34055738655962	0.0661906761624443	0.341627162676822	0.0666032414993788	0.647005755349416	0.517910692922442	7.52262576917413	0.395151501328316
Rmag_0877	374	0.372004456277494	0.000144308718337927	0.378111422531993	0.000145274593439604	0.633497941315656	0.0697684456616215	1.24126386482744	0.319043662294981
Rmag_0878	89	0.271556942463889	1.41019289201516e-06	0.270572177945532	1.03701773588316e-05	0.4857070173182	0.422080418506715	4.25320323903805	0.0248052848120024
Rmag_0879	66	0.54594955191051	0.359522904094807	0.547597235878067	0.359461182745551	0.0127649779881994	0.329377189279018	1.11659443255403	0.921222261341689
Rmag_0880	360	0.687811266824932	0.0607306813033269	0.689045413049712	0.0609336030469518	0.493262337631648	0.070868614482882	0.747582713673792	0.020311552526123
Rmag_0881	96	16.6517662620294	0.286135034595211	16.8959879044236	0.285702674879832	32.4167708268562	0.0417131294041793	49.9999999999999	0.189658711407522
Rmag_0882	878	0.205707181130119	2.21075246997771e-09	0.218306118192176	2.44766051871181e-09	0.687092409311735	0.335033825402687	5.0252916045939	0.00802195927797567
Rmag_0885	283	0.896510209335433	0.73904163360141	0.896049378318423	0.720409220718867	0.567138054109655	0.165374171344909	0.387485117059597	0.119467444022972
Rmag_0911	748	0.706219474560039	0.0188239638711698	0.70592249241446	0.0185362523413973	1.07749679506543	0.747540125876738	7.65032513674964	0.000694426170759432
Rmag_0914	537	0.564162358183109	0.000173079395037301	0.536008923123587	0.000164846553890929	0.0979564276964639	0.000213231183835205	0.887264314865572	0.276235398998686
Rmag_0915	163	0.731154301222839	0.208596227945293	0.731509473668024	0.208057195578125	0.49275580510581	0.235734635395602	0.809991789418573	0.615247740850341
Rmag_0916	248	0.788882265759996	0.251859078791362	0.786553805776484	0.250070771055441	0.620026302080202	0.13818922921328	0.871606182587583	0.387548001822486
Rmag_0918	85	0.0825631424863933	0.115997218870725	0.081813566301748	0.115965028220162	0.665912528364213	0.333052690956119	0.929262581858261	0.725875191771865
Rmag_0919	135	0.230145029105045	0.154069167846169	0.229396179368487	0.154063723297451	0.104027547769137	0.0340389690470501	0.740107800126426	0.16558172339093
Rmag_0921	403	8.81623506831029	0.298573638734886	9.56908964636918	0.292691846288599	2.57123624032795	0.497955200617647	1.30262945366292	0.181974908669052
Rmag_0923	126	8.27052501483803	0.215142952868531	8.09465762066359	0.215752368610635	0.320111271779891	0.0173534976023447	0.640443590611856	0.161030171669695
Rmag_0924	359	0.489194331806486	0.000783358479229834	0.490347309167267	0.000786764922318328	0.0407601803650416	0.000731347146271211	0.68382096925543	0.152263151290645
Rmag_0925	217	0.319092585945251	4.80886245890488e-05	0.318243501823125	4.83882149037162e-05	0.39062947483138	0.3492942145395	1.21469088945133	0.319870615515139
Rmag_0926	88	28.6018561965691	0.591554774373805	0.877786352638876	0.897909649294991	1.90752387469029	0.447335694492642	12.8449405529403	0.344300697047629
Rmag_0927	139	0.572353392760708	0.118555139918348	0.304252883622674	0.0297866045733929	0.00332780293140622	0.0266618480218162	0.597563200756271	0.109772981646464
Rmag_0928	691	0.484991048074866	0.000990744617588857	0.484869745253565	0.000987319053305291	0.307228572217722	9.69614444290556e-08	0.572223907578948	0.000378082106213151
Rmag_0929	158	0.673094612153171	0.843251110628935	0.644542347440242	0.607253567742649	0.569144079549917	0.380551101113327	1.20511503978417	0.682877988870411
Rmag_0932	141	0.550513973449717	0.308128751316262	0.552871227427671	0.307918809233646	0.808920097146493	0.824020913566792	2.40099301395819	0.132457693205097
Rmag_0934	327	2.0458968761306	0.135809091937408	0.609433902213241	0.123812247375452	1.07280705586095	0.991491738922977	0.122086818417892	0.00659529769772416
Rmag_0935	131	0.682873047149274	0.100637929305054	0.554407959643487	0.0927050819182423	1.53727959241837	0.420981897797709	6.28490133112301	0.100429197152599
Rmag_0936	154	0.34461325997965	0.276033526196527	0.362445527540368	0.328283350249274	0.455762061948424	0.210359537244887	8.71920542561316	0.0966428673799803
Rmag_0942	624	0.755142306397628	0.036106488515547	0.75452453619994	0.0361492807393859	0.283439970001997	0.00135462017970356	0.754505263934893	0.0583038562027877
Rmag_0944	67	1.38676631964423	0.860528000271928	5.22154910846419	0.746083011010922	0.318698482174003	0.850465456597658	1.19520477031827	0.505115508074076
Rmag_0946	474	0.471669330944224	0.00141417105921859	0.538101184211313	0.0012343611379213	0.523215146883134	0.00205468865114888	0.319923234211102	0.071003681726691
Rmag_0947	219	0.599438005775358	0.065766641031843	0.623047112097775	0.0665416753272573	0.426754639611282	0.516677105214463	0.968180928963117	0.863623764497871
Rmag_0949	206	0.92203579470254	0.698620239082332	0.827770999688498	0.531476146746096	0.964836848899625	0.934013443623745	1.08009628323083	0.594033361623175
Rmag_0950	274	0.481196037214771	0.0612174450681098	0.0841336061818229	0.064927841230314	0.552568834740903	0.0516990745197315	0.803517196178647	0.0671487868220557
Rmag_0951	341	0.290399096174503	0.00435794053826388	0.323060628728016	0.00436664863152825	0.511725384787769	0.0127350418591711	0.971364847529409	0.856711790734756
Rmag_0952	246	0.121135058448693	0.0121262677022197	0.831888972467593	0.506902510855708	0.567443237501335	0.15726785254134	0.371937549173927	0.175421321334375
Rmag_0953	362	0.423551584397288	0.0117967173858463	0.416246759346095	0.0117401115104784	0.789564294370232	0.523392029534257	0.0221202231767405	0.0276607912341168
Rmag_0954	260	0.687967321833069	0.375133283434565	0.699867919837507	0.369757358813509	18.8682796863046	0.0874289645582706	4.3033896029149	0.045071954324891
Rmag_0955	246	0.795053998382292	0.600434933955594	0.796142774687099	0.601088339453297	0.468194197563776	0.479603198214803	0.848399626036809	0.603497965977693
Rmag_0957	135	0.114823244221285	0.418572105980023	0.113808451270934	0.418891192505607	49.9999999999999	0.00176739646250346	49.9999999999999	0.000253568287012174
Rmag_0958	199	0.25972407985294	0.0668911472619208	0.240262839873362	0.0668213750520348	0.581388136817222	0.385851464538067	1.32824070952152	0.380261458189446
Rmag_0962	520	0.594028553011394	0.00495347969554372	0.0131079914638505	3.58130330699868e-05	0.648733451954583	0.128840090119962	1.62195174713947	0.0885153628251214
Rmag_0963	476	0.117627243913547	0.00696231847345685	0.578606824640441	0.0485042920748461	0.573377514291442	0.166921167247131	0.932199214121526	0.835995842407661
Rmag_0964	219	0.424858726814386	0.0777916097508333	0.423778206993201	0.0776893279661288	0.0349673505920853	0.00364061308687413	0.00378664822778322	0.0401907301257157
Rmag_0965	793	0.607436314820603	1.97778367312384e-05	0.609445253007295	1.95794968622653e-05	0.642977736678031	0.0236833557843761	1.02569866673764	0.804742961809495
Rmag_0966	531	0.749733296978836	0.394504500148146	0.759005000338424	0.398107400625008	6.17294599527657	0.369911849514919	1.1962400134101	0.380569345824972
Rmag_0967	226	0.0669937860074628	0.0171521628078891	0.0769765901600441	0.0173868043307156	0.0422258434703278	0.00871486331820692	0.116828860288872	0.380398719078876
Rmag_0969	513	0.592665900707147	0.000214916021515577	0.272113030634602	5.29070199691839e-05	0.569141830406867	0.00072339221903206	0.158984497372891	0.53014649974654
Rmag_0971	203	1.12462380856967	0.71800467328446	1.11174162661956	0.72749298081103	0.710613576000397	0.428517073725498	0.116144249430892	0.299591793141545
Rmag_0972	393	0.422755178014468	0.000973785311819797	0.409212376120752	0.00109974796369006	0.286775070455133	0.129603930324045	0.921802040779277	0.593228175398942
Rmag_0973	440	0.792933604186014	0.541081759983025	0.79284832318718	0.541489325152069	0.743826722995494	0.616544335351514	0.947196932169208	0.642225685121439
Rmag_0977	244	0.607085937769213	0.0045450767436146	0.638088055046279	0.00320723037258397	0.602944649659674	0.0435508022157484	0.836595361615798	0.202994188363296
Rmag_0980	359	0.482295503148966	0.00248931191415869	0.48128008901062	0.00247953510040178	2.03253746386418	0.359201562401913	1.09438346908866	0.470059655725675
Rmag_0981	245	0.500004449117116	0.0290027950668234	0.495134696898406	0.0287440719037846	8.80782565029729	0.341870731258607	1.36960320164993	0.0342797280064777
Rmag_0984	255	0.438294498213347	3.29991833247778e-05	0.455849139619179	3.09791982278096e-05	0.678664590173104	0.33652332007082	1.32475193160129	0.0584712896272688
Rmag_0987	655	0.960038520461582	0.876839362228388	0.655583016425492	0.0648376788428754	1.1001132577312	0.647340721338723	3.34991388572841	0.0014280533284543
Rmag_0992	887	0.724706733231353	0.211201331709345	0.806743228147019	0.369012271632172	0.501594738771548	0.00454117917442043	0.670926979722651	0.00226364913772736
Rmag_0993	51	0.512419438359044	0.0116609685907568	0.513700724651	0.0116780076604562	0.618786092927915	0.0624183103806396	1.19357350801096	0.556085965190603
Rmag_0994	83	0.131640044583	0.0506938282365299	0.13464192463854	0.0507814013135142	0.240350365240069	0.00475968529800364	0.802167674083475	0.437206111631366
Rmag_0995	214	0.520347671308358	0.000306556630746524	0.518817527606599	0.000307879400620603	0.31025552009575	5.18227289638684e-05	0.632716883933038	0.0624136108599942
Rmag_0998	152	1.13997266914501	0.4706003427174	1.14096391830902	0.469999208660281	0.613690801714614	0.102943676952026	0.459206786081314	0.323909932432582
Rmag_0999	407	0.870891641079275	0.730035541454661	0.836985527153109	0.609128994402968	1.27780491174131	0.718902651117236	1.14343740088402	0.532750836914656
Rmag_1002	389	0.576917229028168	0.0334796153455469	0.589819038814264	0.0265364691085767	3.09965269818057	0.344810713642849	49.9999999999999	0.00251384350200923
Rmag_1003	169	0.461336371443392	0.0251075282069656	0.46134189012205	0.0251462997859968	0.849399422328498	0.764930096957824	1.30411224035042	0.122037548976461
Rmag_1004	405	0.540356928433994	4.01127452716033e-05	0.529146567632062	1.39598953474707e-06	0.984758029209457	0.950390560487623	1.50300681626764	0.000374966504806285
Rmag_1005	308	0.378040499491998	2.96900241114617e-05	0.446661184693442	5.84652488994086e-05	0.248731607133534	0.000142820874632132	0.89613281062918	0.442961651469304
Rmag_1006	617	0.551992936793871	0.000609582710053846	0.540056778970914	0.00059112370867398	0.232069963841173	0.000244801205444123	0.398606908821031	0.017249109588973
Rmag_1007	114	0.903231226517032	0.890191006204501	0.903683790760609	0.894590447579306	0.867888307705678	0.855131930251009	0.341549622153452	0.260863015717234
Rmag_1008	430	0.465757724005789	0.000417231892743564	0.384267869250573	0.000299161507637646	0.396620018653172	0.00473421460488777	0.912448340704776	0.462249245066789
Rmag_1009	124	0.453678011932998	0.1139240799217	0.458035419879422	0.115036563309578	0.492618307560188	0.361900516537224	1.03419882684624	0.880984863254257
Rmag_1011	162	0.0228408992100243	0.0553239562930674	0.491120673689791	0.115138756515701	0.23988420821801	0.0127180946704419	17.351919039708	0.0226098482749306
Rmag_1012	209	0.943400200700028	0.950650804783875	0.92542873932042	0.929077243353897	8.5354188453601	0.196402000969315	1.2429159658065	0.208701421960539
Rmag_1013	494	0.631657962465468	0.0587654492699008	0.637261619647414	0.0614951984102092	10.3348232413109	0.237884726540362	1.21589210683404	0.0686652080951728
Rmag_1014	447	0.724997721102759	0.470313945995573	5.07198734031477	0.0820179839340511	0.560360502612017	0.193061590805646	0.828124481205155	0.178584272786362
Rmag_1019	174	0.419097582015627	0.000739700353788231	0.411961511103754	0.041381921155833	0.381943655667216	0.0113839698110195	1.27706150486231	0.185204847902435
Rmag_1020	212	0.567142426759996	0.0161490203569251	0.567822500880588	0.0161198093078792	0.395838157453401	0.113301632702406	1.45064706566791	0.000320249380802218
Rmag_1021	1150	0.572876030091819	0.000424952697647196	0.57341986268977	0.000426332836370946	0.55541485541456	0.0270692198897438	0.946488997687595	0.547871918873948
Rmag_1022	315	0.527136997352614	0.00903741934371927	0.528007709336422	0.00906508999226474	0.0647418299314974	0.000411038394058649	0.76036300324447	0.0917777436840798
Rmag_1023	313	0.328068479349738	0.00881548142405375	0.327518782365038	0.00881346351167001	0.742085914118435	0.392833386735713	49.9999999999999	0.0966025712606555
Rmag_1024	282	0.861539376963595	0.435407764229884	0.857884230003832	0.435751556432046	1.20206553282527	0.583345507398202	1.75977647530195	0.0913896798285833
Rmag_1025	275	0.696290536196293	0.0862686975983534	0.452213604144297	0.0168808531975168	0.230991892670237	0.00897525313397018	0.770198060936644	0.0428392610289655
Rmag_1027	97	0.47714364218977	0.0188179051446857	0.475209630812956	0.018798291217388	17.6304860492906	0.296313507567667	0.225665175476657	0.238516480211663
Rmag_1032	209	0.643971670180729	0.592989984968055	2.34945624110472	0	21.7183415993155	0.63128384492556	1.12916229722397	0.653678408050565
Rmag_1037	46	0.219183079871713	0.593542043027868	0.684509451483919	0.750901774171894	0.102907283899129	0.481208596280423	1.15979961276337	0.785689610957452
Rmag_1041	288	0.359788206471412	0.0294360186603724	1.09505480036058	0.901633171721619	0.0387123623159277	0.0229450347554941	0.670072182603367	0.054606335516113
Rmag_1043	177	0.423770839235931	0.0386742638049871	0.364615711634641	0.0252444652826098	0.643226457617933	0.722896883427796	1.05540172439336	0.887540393509141
Rmag_1044	140	0.411546515657568	0.0497085906346363	0.0321303574300898	0.0410298626639646	1.61073797228968	0.303646853170454	10.5750481387468	3.63613471127122e-05
Rmag_1046	288	0.465573603756264	0.0369953245074374	0.449404317156502	0.0374088972204732	0.0539281826120799	0.205955455512533	1.04071090828484	0.773080666519921
Rmag_1047	513	0.10700990436529	0.000131384748649377	0.509034430081299	0.00765965723859763	0.0278716723041592	0.00363502385965764	1.72939545079908	0.141507507479475
Rmag_1048	186	0.0277112631589174	0.000145571104201991	0.0271216483363595	0.000144246629671607	0.00250247987584561	0.000540871138114629	2.27272871628149	0.179142666897694
Rmag_1049	157	0.832787371185086	0.666402841377867	0.00105892251759404	0.00895446905355568	0.591319766642857	0.289944029206337	0.101887538907204	0.3896201023047
Rmag_1050	77	46.0520975420211	0.00195284829876763	27.6770657671236	0.0021361760657711	43.1622802843658	2.26810263681543e-06	41.1455175772138	0.197350246422011
Rmag_1054	278	0.812207512628364	0.339442782647879	0.812039581743004	0.339052560779405	0.803895756297698	0.601113680840494	0.951553073569528	0.764673636230092
Rmag_1055	203	0.481723808496142	0.582847094425264	1.67313130113629	0.696655302454038	0.0605600402270353	0.196863754916631	0.0850953753097459	0.154034662605692
Rmag_1058	149	0.207740388043879	0.0125237291322582	0.210107440869312	0.0125290217131176	1.1201381550541	0.883095655243213	12.5868953514904	0.0287488195423141
Rmag_1059	152	0.523862029751927	0.0308045925235938	0.521262385648788	0.0307748047643793	0.655377875504558	0.0102666638131537	1.30669982025513	0.13322968968336
Rmag_1061	346	7.0894957796113	0.421196411820796	1.00911033247458	0.976420077129196	8.95556856644878	0.723225102435747	0.0160695791950842	0.0152137648118006
Rmag_1062	122	0.75954910573306	0.212604544195542	0.763102123715179	0.212936152697384	0.724411525992465	0.286252580859203	0.964851172080696	0.859143971410376
Rmag_1066	537	0.380773382773684	0.000228202177050663	0.380500147175653	0.000227747695855207	0.773208342527253	0.44212120087454	1.67127238804153	0.00613105207485798
Rmag_1067	226	0.0675867376612591	0.00293756952136426	0.504736070321646	0.00409866272461112	0.151979589184908	0.172033306878025	0.995249221049712	0.993859741643372
Rmag_1069	363	0.299624221897659	9.89197612710768e-12	0.166623615982603	1.91917215452975e-09	0.366755322395463	0.00045953355155115	1.28983283691563	0.122956382787491
Rmag_1072	329	0.259157494630592	0.00208244901593613	0.259673402285835	0.00207921902570984	0.867567109518771	0.675528907001953	14.6571093161308	0.00810532289173405
