

TREE # 1

  0  0.0000 2649581.669965  x:  0.27221   0.00054   0.00348   0.08073   0.07367   0.00011   0.00009   0.02919   0.03686   0.00014   0.00031   0.03651   0.07792   0.00023   0.00028   0.08917   0.03726   0.05456   0.09371   0.11539   0.02745   0.07969   0.05318   0.00048   0.00051   0.06238   0.12127   0.18177   0.33407   0.84936   0.79215   1.71584   2.23350   1.65846   2.03649  
  1 99.0000 2648574.977697  x:  0.27223   0.00249   0.00443   0.08072   0.07365   0.00000   0.00019   0.02927   0.03684   0.00013   0.00013   0.03649   0.07791   0.00021   0.00028   0.08920   0.03746   0.05450   0.09367   0.11541   0.02773   0.07983   0.05319   0.00050   0.00053   0.06240   0.12117   0.18176   0.33403   0.84926   0.79207   1.71622   2.23276   1.65842   2.03648  
  2 646681.7072 2648574.977697  x:  0.27223   0.00249   0.00443   0.08072   0.07365   0.00000   0.00019   0.02927   0.03684   0.00013   0.00013   0.03649   0.07791   0.00021   0.00028   0.08920   0.03746   0.05450   0.09367   0.11541   0.02773   0.07983   0.05319   0.00050   0.00053   0.06240   0.12117   0.18176   0.33403   0.84926   0.79207   1.71622   2.23276   1.65842   2.03648  
  3 30000288.2982 2648538.297660  x:  0.27224   0.00251   0.00444   0.08072   0.07365   0.00016   0.00019   0.02927   0.03684   0.00014   0.00015   0.03649   0.07791   0.00021   0.00028   0.08920   0.03746   0.05449   0.09366   0.11541   0.02774   0.07983   0.05319   0.00050   0.00053   0.06240   0.12117   0.18176   0.33403   0.84926   0.79207   1.71653   2.23304   1.65842   2.03648  
  4 6392730.8542 2648413.883835  x:  0.27225   0.00325   0.00497   0.08070   0.07364   0.00101   0.00000   0.02932   0.03682   0.00018   0.00050   0.03648   0.07788   0.00024   0.00028   0.08923   0.03761   0.05444   0.09363   0.11543   0.02795   0.07993   0.05319   0.00050   0.00053   0.06241   0.12110   0.18176   0.33400   0.84919   0.79201   1.71593   2.23334   1.65839   2.03647  
  5 533833.4647 2648329.464972  x:  0.27228   0.00424   0.00568   0.08068   0.07362   0.00189   0.00061   0.02939   0.03680   0.00020   0.00085   0.03646   0.07783   0.00026   0.00028   0.08926   0.03781   0.05438   0.09358   0.11545   0.02825   0.08007   0.05319   0.00050   0.00053   0.06243   0.12100   0.18175   0.33396   0.84908   0.79192   1.71532   2.23365   1.65835   2.03646  
  6 2258767.9453 2647959.045112  x:  0.27231   0.00546   0.00657   0.08065   0.07359   0.00178   0.00055   0.02948   0.03676   0.00000   0.00061   0.03644   0.07775   0.00019   0.00027   0.08931   0.03813   0.05427   0.09350   0.11549   0.02870   0.08029   0.05320   0.00050   0.00053   0.06246   0.12085   0.18174   0.33389   0.84892   0.79178   1.71542   2.23358   1.65828   2.03643  
  7 417887.4939 2647303.242257  x:  0.27239   0.00821   0.00858   0.08058   0.07352   0.00148   0.00043   0.02970   0.03668   0.00007   0.00005   0.03638   0.07755   0.00004   0.00026   0.08942   0.03884   0.05403   0.09332   0.11557   0.02972   0.08078   0.05321   0.00050   0.00053   0.06252   0.12050   0.18172   0.33374   0.84855   0.79147   1.71569   2.23341   1.65812   2.03638  
  8 15082551.7195 2647303.242257  x:  0.27239   0.00821   0.00858   0.08058   0.07352   0.00148   0.00043   0.02970   0.03668   0.00007   0.00005   0.03638   0.07755   0.00004   0.00026   0.08942   0.03884   0.05403   0.09332   0.11557   0.02972   0.08078   0.05321   0.00050   0.00053   0.06252   0.12050   0.18172   0.33374   0.84855   0.79147   1.71569   2.23341   1.65812   2.03638  
  9 80509813.1107 2646329.164239  x:  0.27240   0.00847   0.00875   0.08056   0.07350   0.00096   0.00000   0.02973   0.03666   0.00067   0.00290   0.03637   0.07748   0.00207   0.00034   0.08944   0.03901   0.05396   0.09328   0.11559   0.02995   0.08090   0.05322   0.00050   0.00053   0.06253   0.12041   0.18172   0.33370   0.84846   0.79139   1.69806   2.20384   1.65808   2.03637  
 10 9837248.0420 2646300.385889  x:  0.27240   0.00848   0.00876   0.08055   0.07350   0.00094   0.00022   0.02974   0.03666   0.00065   0.00288   0.03636   0.07748   0.00205   0.00033   0.08945   0.03901   0.05396   0.09328   0.11559   0.02996   0.08091   0.05322   0.00050   0.00053   0.06253   0.12041   0.18172   0.33370   0.84846   0.79139   1.69806   2.20380   1.65808   2.03637  
 11 1229736.3816 2645860.138136  x:  0.27242   0.00884   0.00899   0.08052   0.07347   0.00021   0.00023   0.02978   0.03664   0.00000   0.00214   0.03634   0.07737   0.00133   0.00014   0.08948   0.03926   0.05387   0.09321   0.11563   0.03029   0.08108   0.05322   0.00050   0.00053   0.06255   0.12028   0.18171   0.33364   0.84832   0.79127   1.69841   2.20341   1.65802   2.03635  
 12 343557.0845 2645771.696935  x:  0.27243   0.00893   0.00905   0.08051   0.07346   0.00002   0.00023   0.02979   0.03663   0.00002   0.00195   0.03634   0.07734   0.00114   0.00011   0.08949   0.03932   0.05384   0.09320   0.11563   0.03037   0.08113   0.05322   0.00050   0.00053   0.06256   0.12024   0.18171   0.33363   0.84828   0.79124   1.69850   2.20332   1.65801   2.03634  
 13 1681406.0274 2645378.650289  x:  0.27246   0.00944   0.00938   0.08047   0.07342   0.00007   0.00023   0.02986   0.03659   0.00002   0.00085   0.03631   0.07719   0.00008   0.00021   0.08954   0.03967   0.05371   0.09310   0.11568   0.03085   0.08138   0.05323   0.00050   0.00053   0.06259   0.12005   0.18169   0.33355   0.84808   0.79107   1.69882   2.20291   1.65792   2.03631  
 14 910101.7495 2645226.667078  x:  0.27248   0.00978   0.00960   0.08044   0.07338   0.00014   0.00023   0.02990   0.03656   0.00003   0.00014   0.03629   0.07708   0.00011   0.00027   0.08958   0.03992   0.05361   0.09303   0.11571   0.03118   0.08156   0.05323   0.00050   0.00053   0.06261   0.11992   0.18168   0.33349   0.84794   0.79095   1.69916   2.20262   1.65786   2.03629  
 15 570233.3164 2645226.667078  x:  0.27248   0.00978   0.00960   0.08044   0.07338   0.00014   0.00023   0.02990   0.03656   0.00003   0.00014   0.03629   0.07708   0.00011   0.00027   0.08958   0.03992   0.05361   0.09303   0.11571   0.03118   0.08156   0.05323   0.00050   0.00053   0.06261   0.11992   0.18168   0.33349   0.84794   0.79095   1.69916   2.20262   1.65786   2.03629  
 16 2513315.9003 2645118.042691  x:  0.27249   0.00986   0.00965   0.08043   0.07337   0.00005   0.00010   0.02991   0.03655   0.00104   0.00030   0.03628   0.07704   0.00036   0.00029   0.08959   0.03999   0.05358   0.09301   0.11572   0.03127   0.08161   0.05323   0.00050   0.00053   0.06262   0.11988   0.18168   0.33347   0.84790   0.79091   1.68943   2.19367   1.65785   2.03629  
 17 8244833.1297 2644951.019140  x:  0.27251   0.01012   0.00980   0.08040   0.07334   0.00072   0.00019   0.02994   0.03653   0.00034   0.00015   0.03627   0.07693   0.00006   0.00025   0.08962   0.04022   0.05349   0.09295   0.11575   0.03156   0.08178   0.05324   0.00050   0.00053   0.06264   0.11975   0.18167   0.33341   0.84776   0.79080   1.69011   2.19275   1.65779   2.03627  
 18 320234.2919 2644863.933479  x:  0.27252   0.01023   0.00987   0.08038   0.07333   0.00086   0.00017   0.02996   0.03652   0.00006   0.00022   0.03626   0.07689   0.00021   0.00025   0.08963   0.04032   0.05345   0.09292   0.11577   0.03169   0.08185   0.05324   0.00050   0.00053   0.06265   0.11969   0.18166   0.33339   0.84770   0.79075   1.69040   2.19237   1.65776   2.03626  
 19 1144277.1072 2644735.419460  x:  0.27254   0.01049   0.01002   0.08035   0.07330   0.00074   0.00000   0.02999   0.03649   0.00029   0.00027   0.03624   0.07677   0.00013   0.00028   0.08967   0.04055   0.05335   0.09286   0.11580   0.03200   0.08203   0.05324   0.00050   0.00053   0.06267   0.11956   0.18165   0.33333   0.84756   0.79062   1.69087   2.19188   1.65770   2.03624  
 20 292196.1944 2644735.419460  x:  0.27254   0.01049   0.01002   0.08035   0.07330   0.00074   0.00000   0.02999   0.03649   0.00029   0.00027   0.03624   0.07677   0.00013   0.00028   0.08967   0.04055   0.05335   0.09286   0.11580   0.03200   0.08203   0.05324   0.00050   0.00053   0.06267   0.11956   0.18165   0.33333   0.84756   0.79062   1.69087   2.19188   1.65770   2.03624  
 21 7255110.8123 2644710.638327  x:  0.27254   0.01050   0.01002   0.08035   0.07330   0.00073   0.00015   0.03000   0.03649   0.00028   0.00027   0.03624   0.07677   0.00014   0.00028   0.08967   0.04056   0.05335   0.09286   0.11580   0.03200   0.08203   0.05324   0.00050   0.00053   0.06267   0.11955   0.18165   0.33333   0.84756   0.79062   1.69086   2.19183   1.65770   2.03624  
 22 1420650.9677 2644653.625166  x:  0.27255   0.01062   0.01009   0.08033   0.07328   0.00034   0.00017   0.03001   0.03648   0.00007   0.00029   0.03623   0.07671   0.00041   0.00029   0.08968   0.04068   0.05330   0.09282   0.11581   0.03215   0.08212   0.05325   0.00050   0.00053   0.06268   0.11948   0.18164   0.33330   0.84748   0.79056   1.69013   2.19155   1.65767   2.03623  
 23 367915.4104 2644607.402049  x:  0.27256   0.01071   0.01014   0.08032   0.07327   0.00007   0.00016   0.03002   0.03647   0.00016   0.00030   0.03622   0.07666   0.00043   0.00028   0.08970   0.04077   0.05326   0.09279   0.11583   0.03227   0.08219   0.05325   0.00050   0.00053   0.06269   0.11943   0.18164   0.33327   0.84742   0.79051   1.68967   2.19123   1.65765   2.03622  
 24 1433798.3608 2644587.366305  x:  0.27257   0.01078   0.01018   0.08031   0.07326   0.00002   0.00012   0.03003   0.03646   0.00012   0.00029   0.03622   0.07662   0.00040   0.00028   0.08971   0.04084   0.05323   0.09277   0.11584   0.03236   0.08224   0.05325   0.00050   0.00053   0.06269   0.11939   0.18163   0.33325   0.84738   0.79047   1.68938   2.19091   1.65763   2.03621  
 25 1522869.8036 2644567.612161  x:  0.27258   0.01087   0.01023   0.08030   0.07325   0.00017   0.00012   0.03005   0.03645   0.00020   0.00030   0.03621   0.07658   0.00046   0.00028   0.08972   0.04093   0.05319   0.09275   0.11585   0.03247   0.08231   0.05325   0.00050   0.00053   0.06270   0.11934   0.18163   0.33323   0.84732   0.79042   1.68905   2.19072   1.65760   2.03620  
 26 621608.9681 2644522.417745  x:  0.27260   0.01114   0.01038   0.08026   0.07320   0.00024   0.00018   0.03008   0.03642   0.00014   0.00040   0.03619   0.07643   0.00014   0.00028   0.08976   0.04122   0.05307   0.09266   0.11589   0.03283   0.08253   0.05326   0.00050   0.00053   0.06273   0.11916   0.18161   0.33315   0.84714   0.79027   1.68877   2.19083   1.65753   2.03618  
 27 171432.7859 2644174.081274  x:  0.27275   0.01268   0.01121   0.08002   0.07297   0.00022   0.00019   0.03029   0.03624   0.00013   0.00008   0.03606   0.07556   0.00010   0.00032   0.09001   0.04287   0.05234   0.09218   0.11613   0.03488   0.08379   0.05328   0.00050   0.00053   0.06288   0.11816   0.18151   0.33271   0.84606   0.78936   1.68881   2.19087   1.65708   2.03602  
 28 326566.6584 2644174.081274  x:  0.27275   0.01268   0.01121   0.08002   0.07297   0.00022   0.00019   0.03029   0.03624   0.00013   0.00008   0.03606   0.07556   0.00010   0.00032   0.09001   0.04287   0.05234   0.09218   0.11613   0.03488   0.08379   0.05328   0.00050   0.00053   0.06288   0.11816   0.18151   0.33271   0.84606   0.78936   1.68881   2.19087   1.65708   2.03602  
 29 3193695.0104 2644174.081274  x:  0.27275   0.01268   0.01121   0.08002   0.07297   0.00022   0.00019   0.03029   0.03624   0.00013   0.00008   0.03606   0.07556   0.00010   0.00032   0.09001   0.04287   0.05234   0.09218   0.11613   0.03488   0.08379   0.05328   0.00050   0.00053   0.06288   0.11816   0.18151   0.33271   0.84606   0.78936   1.68881   2.19087   1.65708   2.03602  
check convergence!
