

TREE # 1

  0  0.0000  64208.399301  x:  0.78614   0.00000   0.04311   0.00558   0.14929   0.02408   0.07096   0.04004   0.03581   0.04343   0.04780   0.09675   0.13246   0.13739   0.03302   0.02180   0.26078   0.20337   0.17504   0.02857   0.12035   0.01088   0.09851   0.07184   0.03336   0.06763   0.01609   0.02856   0.06093   0.13758   0.10115   0.03260   0.02618   0.78506   2.24680   1.75056   2.08967  
  1 99.0000  63737.257260  x:  0.79072   0.02789   0.04819   0.04686   0.14926   0.02061   0.06532   0.04015   0.02565   0.03271   0.04475   0.09889   0.13271   0.13913   0.01862   0.00767   0.26154   0.20357   0.17518   0.03287   0.12321   0.02427   0.10262   0.07266   0.03826   0.06309   0.00000   0.01217   0.06027   0.13766   0.10174   0.02006   0.01421   0.79003   2.25073   1.74947   2.07609  
  2 12532.1089  63640.716390  x:  0.79322   0.04278   0.05091   0.06878   0.14923   0.01874   0.06225   0.04022   0.02014   0.02688   0.04309   0.10005   0.13285   0.14008   0.01077   0.00000   0.26195   0.20366   0.17522   0.03518   0.12477   0.03139   0.10485   0.07310   0.04091   0.06062   0.00222   0.00321   0.05990   0.13771   0.10206   0.01323   0.00771   0.79274   2.25288   1.74888   2.06866  
  3 133200.6051  63600.336552  x:  0.79411   0.04763   0.05180   0.07580   0.14920   0.01814   0.06118   0.04025   0.01826   0.02486   0.04252   0.10044   0.13290   0.14041   0.00815   0.00214   0.26207   0.20368   0.17518   0.03595   0.12530   0.03366   0.10562   0.07325   0.04181   0.05974   0.00290   0.00000   0.05976   0.13772   0.10218   0.01090   0.00556   0.79371   2.25365   1.74867   2.06600  
  4 69800.3717  63535.408038  x:  0.79873   0.04957   0.05213   0.07228   0.14779   0.01854   0.05676   0.04077   0.01405   0.01821   0.04081   0.10131   0.13310   0.14185   0.00109   0.00215   0.26173   0.20291   0.17204   0.03695   0.12696   0.03114   0.10836   0.07360   0.04355   0.05581   0.00279   0.00000   0.05839   0.13767   0.10285   0.00585   0.00761   0.79869   2.25792   1.74758   2.05116  
  5 4523.4873  63477.429381  x:  0.80435   0.05263   0.05267   0.06932   0.14614   0.01888   0.05152   0.04137   0.00959   0.01079   0.03880   0.10238   0.13335   0.14358   0.00310   0.00206   0.26136   0.20200   0.16830   0.03822   0.12898   0.02868   0.11165   0.07401   0.04564   0.05114   0.00273   0.00000   0.05680   0.13761   0.10364   0.00102   0.00916   0.80475   2.26310   1.74625   2.03308  
  6 23280.8133  63427.161067  x:  0.81055   0.05649   0.05334   0.06702   0.14438   0.01916   0.04593   0.04202   0.00591   0.00410   0.03666   0.10357   0.13362   0.14546   0.00393   0.00205   0.26097   0.20102   0.16426   0.03966   0.13121   0.02643   0.11522   0.07446   0.04790   0.04617   0.00272   0.00000   0.05509   0.13754   0.10450   0.00360   0.01052   0.81143   2.26883   1.74478   2.01310  
  7 38912.1664  63081.366895  x:  0.85148   0.08265   0.05792   0.05453   0.13312   0.02079   0.01181   0.04618   0.00754   0.01030   0.02400   0.11128   0.13528   0.15756   0.00528   0.00203   0.25855   0.19471   0.13777   0.04874   0.14557   0.01409   0.13795   0.07727   0.06171   0.01565   0.00271   0.00000   0.04442   0.13713   0.10993   0.00540   0.01382   0.85552   2.30671   1.73505   1.88051  
  8 29048.2064  62105.583587  x:  0.97740   0.15372   0.06947   0.01470   0.10192   0.02801   0.03581   0.05828   0.03065   0.00256   0.01244   0.13237   0.13927   0.19113   0.00570   0.00180   0.25163   0.17610   0.05671   0.07132   0.18568   0.00179   0.19909   0.08456   0.09479   0.00000   0.00253   0.00000   0.01917   0.13612   0.12430   0.00565   0.00816   0.99079   2.42428   1.70487   1.46424  
  9 31713.2443  61945.235316  x:  0.99429   0.16333   0.07104   0.00937   0.09771   0.02895   0.03777   0.05990   0.03342   0.00169   0.01067   0.13522   0.13982   0.19566   0.00577   0.00178   0.25070   0.17360   0.04584   0.07440   0.19110   0.00000   0.20737   0.08556   0.09933   0.00031   0.00251   0.00000   0.01575   0.13598   0.12625   0.00570   0.00759   1.00895   2.44005   1.70083   1.40844  
 10 1788658.2026  61686.858254  x:  1.02138   0.17702   0.07324   0.00000   0.09135   0.03057   0.04029   0.06229   0.03407   0.00219   0.00998   0.13962   0.14063   0.20273   0.00599   0.00175   0.24922   0.16966   0.02849   0.07912   0.19957   0.00322   0.22032   0.08731   0.10629   0.00036   0.00248   0.00000   0.01156   0.13579   0.12927   0.00592   0.00824   1.03802   2.46540   1.69433   1.31829  
 11 509749.9103  61686.858254  x:  1.02138   0.17702   0.07324   0.00000   0.09135   0.03057   0.04029   0.06229   0.03407   0.00219   0.00998   0.13962   0.14063   0.20273   0.00599   0.00175   0.24922   0.16966   0.02849   0.07912   0.19957   0.00322   0.22032   0.08731   0.10629   0.00036   0.00248   0.00000   0.01156   0.13579   0.12927   0.00592   0.00824   1.03802   2.46540   1.69433   1.31829  
 12 169378.9911  61202.595574  x:  1.02181   0.17671   0.07343   0.02253   0.09304   0.03012   0.04060   0.06155   0.03273   0.01550   0.01609   0.13944   0.14046   0.20216   0.00571   0.00360   0.24960   0.17005   0.02923   0.07869   0.19898   0.00903   0.21931   0.08768   0.10567   0.07369   0.00000   0.00000   0.01581   0.13589   0.12892   0.00643   0.00795   1.03839   2.46597   1.69418   1.31470  
 13 84848.9591  61199.075754  x:  1.02183   0.17670   0.07343   0.02311   0.09309   0.03010   0.04060   0.06153   0.03269   0.01584   0.01626   0.13943   0.14046   0.20214   0.00570   0.00365   0.24961   0.17006   0.02926   0.07868   0.19897   0.00918   0.21928   0.08769   0.10565   0.07557   0.00073   0.00000   0.01593   0.13590   0.12891   0.00645   0.00794   1.03840   2.46599   1.69418   1.31459  
 14 588603.2372  60860.737810  x:  1.02777   0.17220   0.07011   0.04396   0.10893   0.02202   0.04435   0.05057   0.01175   0.01488   0.05844   0.13451   0.13796   0.19436   0.00000   0.00078   0.25211   0.17437   0.03927   0.07025   0.18984   0.03183   0.20499   0.08185   0.08520   0.06644   0.00070   0.00000   0.05679   0.13664   0.12426   0.00985   0.00508   1.04350   2.47370   1.69218   1.26605  
 15 7497.0699  60805.831828  x:  1.02937   0.17099   0.06922   0.04957   0.11319   0.01984   0.04536   0.04762   0.00612   0.01462   0.06979   0.13318   0.13729   0.19226   0.00036   0.00014   0.25278   0.17554   0.04196   0.06797   0.18738   0.03792   0.20114   0.08027   0.07969   0.06397   0.00070   0.00000   0.06779   0.13684   0.12300   0.01077   0.00432   1.04487   2.47578   1.69164   1.25296  
 16 1347331.3423  60771.786584  x:  1.03036   0.17023   0.06866   0.05300   0.11582   0.01849   0.04598   0.04580   0.00278   0.01447   0.07672   0.13236   0.13687   0.19096   0.00046   0.00157   0.25320   0.17625   0.04363   0.06656   0.18585   0.04163   0.19875   0.07930   0.07628   0.06242   0.00069   0.00000   0.07452   0.13696   0.12223   0.01131   0.00388   1.04572   2.47707   1.69131   1.24483  
 17 538205.9249  60478.324928  x:  1.04354   0.15916   0.06086   0.08750   0.14505   0.00300   0.05245   0.02639   0.05464   0.01932   0.13891   0.12158   0.13185   0.17448   0.00132   0.00730   0.25811   0.18495   0.06273   0.04587   0.16562   0.07277   0.16770   0.06710   0.03414   0.04652   0.00065   0.00000   0.13820   0.13793   0.11218   0.01175   0.01021   1.05694   2.49425   1.68689   1.13504  
 18 23242.2327  60135.280816  x:  1.05498   0.14768   0.05412   0.09627   0.15884   0.03730   0.05400   0.03304   0.06377   0.01717   0.15120   0.11359   0.12938   0.16315   0.00148   0.00833   0.26103   0.19027   0.07265   0.02785   0.14971   0.07231   0.14458   0.06156   0.02281   0.04366   0.00065   0.00000   0.15538   0.13770   0.10546   0.00000   0.00401   1.06636   2.50933   1.68312   1.03253  
 19 11810.2999  59949.254424  x:  1.06203   0.14059   0.04996   0.10139   0.16719   0.05879   0.05490   0.03738   0.06946   0.01580   0.15820   0.10869   0.12788   0.15621   0.00157   0.00896   0.26281   0.19353   0.07867   0.01676   0.13992   0.07165   0.13040   0.05820   0.01615   0.04201   0.00064   0.00000   0.16545   0.13755   0.10135   0.00053   0.00033   1.07216   2.51862   1.68080   0.96930  
 20 445321.6794  59646.423568  x:  1.07282   0.12973   0.04364   0.10902   0.17982   0.09143   0.05621   0.04409   0.07664   0.01360   0.16862   0.10123   0.12563   0.14565   0.00171   0.00981   0.26553   0.19848   0.08784   0.00000   0.12502   0.07048   0.10880   0.05321   0.00691   0.03959   0.00064   0.00000   0.18063   0.13732   0.09512   0.00108   0.00432   1.08104   2.53286   1.67725   0.87223  
 21 656530.8684  59646.423568  x:  1.07282   0.12973   0.04364   0.10902   0.17982   0.09143   0.05621   0.04409   0.07664   0.01360   0.16862   0.10123   0.12563   0.14565   0.00171   0.00981   0.26553   0.19848   0.08784   0.00000   0.12502   0.07048   0.10880   0.05321   0.00691   0.03959   0.00064   0.00000   0.18063   0.13732   0.09512   0.00108   0.00432   1.08104   2.53286   1.67725   0.87223  
 22 91944.7047  59533.398269  x:  1.07299   0.12964   0.04370   0.10852   0.17956   0.09048   0.05599   0.04405   0.07563   0.01365   0.16771   0.10127   0.12573   0.14574   0.00280   0.00919   0.26555   0.19847   0.08789   0.00259   0.12515   0.06993   0.10901   0.05367   0.01272   0.04001   0.00000   0.00000   0.18009   0.13731   0.09525   0.00655   0.00560   1.08116   2.53308   1.67720   0.86997  
 23 21822.6951  59359.432277  x:  1.07443   0.12893   0.04416   0.10445   0.17743   0.08266   0.05422   0.04364   0.06732   0.01406   0.16023   0.10167   0.12658   0.14648   0.01172   0.00407   0.26572   0.19844   0.08830   0.02376   0.12617   0.06544   0.11076   0.05742   0.06026   0.04340   0.00419   0.00000   0.17563   0.13726   0.09633   0.05104   0.01606   1.08213   2.53497   1.67678   0.85141  
 24 1377911.4318  59127.707716  x:  1.07624   0.12750   0.04468   0.09955   0.17493   0.07305   0.05235   0.04324   0.05718   0.01435   0.15094   0.10220   0.12752   0.14733   0.00660   0.00000   0.26590   0.19833   0.08800   0.02737   0.12697   0.05986   0.11248   0.06058   0.06533   0.04390   0.00412   0.00000   0.16917   0.13726   0.09739   0.04797   0.01020   1.08333   2.53731   1.67627   0.82783  
 25 8746.3956  58858.400509  x:  1.07875   0.12552   0.04541   0.09277   0.17147   0.05973   0.04977   0.04269   0.04314   0.01475   0.13806   0.10295   0.12882   0.14851   0.00000   0.00077   0.26616   0.19819   0.08759   0.03237   0.12809   0.05214   0.11487   0.06495   0.07240   0.04459   0.00403   0.00000   0.16021   0.13727   0.09886   0.04377   0.00218   1.08500   2.54055   1.67556   0.79509  
 26 387993.5495  58783.405981  x:  1.07941   0.12500   0.04561   0.09098   0.17055   0.05621   0.04909   0.04255   0.03943   0.01486   0.13466   0.10314   0.12916   0.14882   0.00003   0.00083   0.26623   0.19816   0.08748   0.03360   0.12839   0.05010   0.11550   0.06609   0.07405   0.04476   0.00399   0.00000   0.15783   0.13728   0.09925   0.04243   0.00000   1.08544   2.54141   1.67537   0.78643  
 27 332953.3215  58092.577040  x:  1.08650   0.11936   0.04765   0.07190   0.16083   0.01870   0.04196   0.04107   0.00000   0.01597   0.09832   0.10525   0.13281   0.15212   0.00008   0.00116   0.26696   0.19777   0.08625   0.04507   0.13150   0.02839   0.12213   0.07809   0.08790   0.04622   0.00358   0.00000   0.13243   0.13733   0.10342   0.02449   0.00091   1.09015   2.55056   1.67337   0.69366  
 28 193202.9992  57749.943530  x:  1.09006   0.11655   0.04868   0.06235   0.15598   0.00000   0.03845   0.04040   0.00015   0.01674   0.08013   0.10630   0.13463   0.15378   0.00009   0.00125   0.26733   0.19758   0.08563   0.05082   0.13306   0.01757   0.12543   0.08406   0.09490   0.04695   0.00338   0.00000   0.11970   0.13736   0.10551   0.01563   0.00116   1.09251   2.55515   1.67236   0.64706  
 29 68892.0543  57138.591172  x:  1.09687   0.11137   0.05073   0.04519   0.14772   0.00251   0.03385   0.04029   0.00016   0.01924   0.04797   0.10842   0.13793   0.15678   0.00010   0.00128   0.26813   0.19734   0.08456   0.06076   0.13612   0.00000   0.13127   0.09424   0.10682   0.04790   0.00304   0.00000   0.09585   0.13742   0.10914   0.00077   0.00132   1.09699   2.56386   1.67046   0.55608  
 30 56226.1127  57138.591172  x:  1.09687   0.11137   0.05073   0.04519   0.14772   0.00251   0.03385   0.04029   0.00016   0.01924   0.04797   0.10842   0.13793   0.15678   0.00010   0.00128   0.26813   0.19734   0.08456   0.06076   0.13612   0.00000   0.13127   0.09424   0.10682   0.04790   0.00304   0.00000   0.09585   0.13742   0.10914   0.00077   0.00132   1.09699   2.56386   1.67046   0.55608  
 31 111326.7905  56929.584470  x:  1.09696   0.11135   0.05077   0.04520   0.14774   0.00395   0.03413   0.04048   0.01989   0.01947   0.04800   0.10846   0.13794   0.15679   0.01348   0.00370   0.26816   0.19736   0.08457   0.06066   0.13620   0.00172   0.13128   0.09418   0.10651   0.04783   0.00248   0.00000   0.09567   0.13742   0.10913   0.00549   0.00438   1.09703   2.56395   1.67045   0.55457  
 32 121017.4873  56835.834884  x:  1.09734   0.11125   0.05091   0.04523   0.14784   0.00864   0.03523   0.04085   0.01999   0.01905   0.04805   0.10864   0.13798   0.15683   0.01236   0.00301   0.26830   0.19744   0.08461   0.06012   0.13651   0.00653   0.13129   0.09384   0.10509   0.04749   0.00000   0.00000   0.09484   0.13743   0.10908   0.00674   0.00599   1.09725   2.56437   1.67036   0.54781  
 33 11408.7170  56584.688765  x:  1.09903   0.11082   0.05154   0.04536   0.14826   0.02890   0.04005   0.04243   0.02048   0.01724   0.04826   0.10944   0.13813   0.15700   0.00750   0.00000   0.26892   0.19779   0.08479   0.05779   0.13786   0.02736   0.13131   0.09236   0.09891   0.04602   0.00058   0.00000   0.09122   0.13746   0.10888   0.01216   0.01292   1.09820   2.56620   1.66999   0.51833  
 34 174429.8086  56234.731449  x:  1.10210   0.11008   0.05261   0.04559   0.14896   0.05748   0.04784   0.04499   0.01898   0.01427   0.04790   0.11087   0.13843   0.15735   0.00000   0.02048   0.27004   0.19841   0.08514   0.05339   0.13993   0.05747   0.13119   0.08954   0.08782   0.04339   0.00133   0.00000   0.08465   0.13751   0.10852   0.01808   0.02099   1.09992   2.56952   1.66933   0.46416  
 35 76584.7235  55643.591203  x:  1.10735   0.10908   0.05422   0.04601   0.15002   0.08368   0.05665   0.04776   0.00000   0.01193   0.04493   0.11315   0.13912   0.15816   0.02433   0.03300   0.27206   0.19950   0.08586   0.04596   0.14210   0.08714   0.13055   0.08453   0.07011   0.03961   0.00196   0.00000   0.07403   0.13761   0.10806   0.01410   0.02021   1.10284   2.57507   1.66823   0.36850  
 36 40450.0633  55643.591203  x:  1.10735   0.10908   0.05422   0.04601   0.15002   0.08368   0.05665   0.04776   0.00000   0.01193   0.04493   0.11315   0.13912   0.15816   0.02433   0.03300   0.27206   0.19950   0.08586   0.04596   0.14210   0.08714   0.13055   0.08453   0.07011   0.03961   0.00196   0.00000   0.07403   0.13761   0.10806   0.01410   0.02021   1.10284   2.57507   1.66823   0.36850  
 37 83056.0402  55497.500978  x:  1.10740   0.10909   0.05423   0.04602   0.15003   0.08349   0.05662   0.04780   0.02070   0.01244   0.04487   0.11316   0.13913   0.15817   0.02407   0.03273   0.27208   0.19951   0.08587   0.04593   0.14209   0.08699   0.13054   0.08450   0.07003   0.03962   0.00170   0.00000   0.07398   0.13761   0.10807   0.01394   0.02002   1.10286   2.57511   1.66823   0.36756  
 38 207025.2728  55419.437780  x:  1.10768   0.10912   0.05428   0.04606   0.15010   0.08221   0.05632   0.04767   0.02069   0.01296   0.04447   0.11328   0.13920   0.15822   0.02239   0.03093   0.27223   0.19959   0.08596   0.04570   0.14203   0.08598   0.13049   0.08428   0.06949   0.03969   0.00000   0.00000   0.07365   0.13763   0.10810   0.01289   0.01872   1.10302   2.57537   1.66818   0.36121  
 39 11133.7409  55419.437780  x:  1.10768   0.10912   0.05428   0.04606   0.15010   0.08221   0.05632   0.04767   0.02069   0.01296   0.04447   0.11328   0.13920   0.15822   0.02239   0.03093   0.27223   0.19959   0.08596   0.04570   0.14203   0.08598   0.13049   0.08428   0.06949   0.03969   0.00000   0.00000   0.07365   0.13763   0.10810   0.01289   0.01872   1.10302   2.57537   1.66818   0.36121  
 40 210238.7829  55415.866277  x:  1.10769   0.10912   0.05428   0.04606   0.15010   0.08221   0.05632   0.04767   0.02069   0.01296   0.04447   0.11328   0.13920   0.15822   0.02238   0.03092   0.27223   0.19959   0.08596   0.04570   0.14203   0.08598   0.13049   0.08428   0.06949   0.03969   0.00041   0.00000   0.07365   0.13763   0.10810   0.01289   0.01871   1.10302   2.57537   1.66818   0.36119  
 41 233878.2021  54474.168033  x:  1.11152   0.10954   0.05494   0.04667   0.15114   0.06536   0.05247   0.04603   0.01513   0.01858   0.03935   0.11489   0.14016   0.15886   0.00025   0.00710   0.27423   0.20065   0.08716   0.04273   0.14119   0.07264   0.12974   0.08144   0.06247   0.04060   0.00041   0.00000   0.06940   0.13791   0.10847   0.00000   0.00213   1.10512   2.57881   1.66754   0.27597  
 42 10865.0357  54465.188154  x:  1.11157   0.10955   0.05495   0.04668   0.15115   0.06517   0.05242   0.04601   0.01507   0.01864   0.03929   0.11491   0.14017   0.15886   0.00000   0.00683   0.27425   0.20067   0.08717   0.04270   0.14118   0.07249   0.12973   0.08140   0.06239   0.04061   0.00041   0.00000   0.06935   0.13791   0.10848   0.00002   0.00194   1.10514   2.57885   1.66754   0.27499  
 43 508002.0779  54305.598187  x:  1.11240   0.10964   0.05509   0.04682   0.15138   0.06154   0.05161   0.04568   0.01394   0.01977   0.03821   0.11527   0.14039   0.15901   0.00057   0.00209   0.27469   0.20090   0.08743   0.04207   0.14101   0.06961   0.12958   0.08080   0.06089   0.04081   0.00041   0.00000   0.06844   0.13797   0.10856   0.00006   0.00021   1.10560   2.57959   1.66740   0.25636  
 44 144807.3630  54236.774643  x:  1.11275   0.10968   0.05515   0.04687   0.15148   0.06004   0.05128   0.04554   0.01347   0.02023   0.03776   0.11541   0.14047   0.15907   0.00054   0.00015   0.27487   0.20100   0.08754   0.04181   0.14094   0.06843   0.12951   0.08055   0.06027   0.04089   0.00041   0.00000   0.06806   0.13800   0.10860   0.00005   0.00027   1.10579   2.57990   1.66734   0.24865  
 45 1078520.8513  53983.981747  x:  1.11398   0.10983   0.05536   0.04708   0.15182   0.05467   0.05007   0.04503   0.01179   0.02194   0.03616   0.11594   0.14079   0.15929   0.00000   0.00023   0.27552   0.20135   0.08793   0.04088   0.14068   0.06418   0.12928   0.07965   0.05805   0.04118   0.00041   0.00000   0.06672   0.13809   0.10872   0.00001   0.00015   1.10647   2.58099   1.66714   0.22118  
 46 176587.1311  53983.981747  x:  1.11398   0.10983   0.05536   0.04708   0.15182   0.05467   0.05007   0.04503   0.01179   0.02194   0.03616   0.11594   0.14079   0.15929   0.00000   0.00023   0.27552   0.20135   0.08793   0.04088   0.14068   0.06418   0.12928   0.07965   0.05805   0.04118   0.00041   0.00000   0.06672   0.13809   0.10872   0.00001   0.00015   1.10647   2.58099   1.66714   0.22118  
 47 27182.9459  53738.083602  x:  1.11398   0.10983   0.05536   0.04708   0.15182   0.05466   0.05007   0.04503   0.01180   0.02193   0.03616   0.11594   0.14079   0.15929   0.00713   0.00151   0.27552   0.20135   0.08794   0.04088   0.14068   0.06416   0.12928   0.07965   0.05804   0.04118   0.00040   0.00000   0.06672   0.13809   0.10872   0.01161   0.00277   1.10647   2.58099   1.66714   0.22103  
 48 1084279.0659  53651.049436  x:  1.11425   0.10994   0.05543   0.04717   0.15198   0.05381   0.05005   0.04510   0.01232   0.02158   0.03618   0.11612   0.14091   0.15939   0.00693   0.00240   0.27574   0.20149   0.08808   0.04083   0.14071   0.06344   0.12930   0.07957   0.05779   0.04124   0.00000   0.00000   0.06658   0.13815   0.10879   0.01134   0.00410   1.10664   2.58118   1.66711   0.21380  
 49 12140.6295  51782.849592  x:  1.12072   0.11249   0.05712   0.04949   0.15564   0.03357   0.04967   0.04668   0.02473   0.01312   0.03659   0.12048   0.14375   0.16178   0.00221   0.02373   0.28090   0.20467   0.09144   0.03959   0.14143   0.04618   0.12977   0.07759   0.05172   0.04269   0.00020   0.00000   0.06332   0.13969   0.11032   0.00479   0.03587   1.11076   2.58557   1.66632   0.04052  
 50 4187413.3492  51733.847344  x:  1.12299   0.11585   0.05958   0.05254   0.15955   0.03006   0.05111   0.04860   0.02119   0.01700   0.03935   0.12456   0.14716   0.16479   0.00228   0.01287   0.28589   0.20819   0.09494   0.04081   0.14325   0.04203   0.13145   0.07825   0.05102   0.04343   0.00008   0.00000   0.06408   0.14150   0.11204   0.00827   0.02534   1.11462   2.58601   1.66618   0.03071  
 51 4141.8510  51687.726528  x:  1.13088   0.12412   0.06526   0.05958   0.16951   0.01327   0.05330   0.05216   0.02431   0.01090   0.04408   0.13523   0.15568   0.17226   0.01288   0.01069   0.29936   0.21730   0.10389   0.04227   0.14758   0.02526   0.13527   0.07865   0.04670   0.04541   0.00007   0.00000   0.06379   0.14608   0.11613   0.00225   0.02420   1.12587   2.58902   1.66550   0.02928  
 52 2896.0882  51656.794773  x:  1.13799   0.13026   0.06911   0.06436   0.17719   0.00274   0.05447   0.05431   0.02872   0.00989   0.04815   0.14346   0.16206   0.17787   0.00587   0.01127   0.31024   0.22440   0.11066   0.04302   0.15105   0.01217   0.13814   0.07886   0.04341   0.04688   0.00010   0.00000   0.06299   0.14953   0.11917   0.00545   0.02887   1.13552   2.59206   1.66484   0.03042  
 53 5820.4976  51632.692622  x:  1.14716   0.13700   0.07291   0.06909   0.18627   0.00974   0.05585   0.05644   0.03202   0.01396   0.05540   0.15281   0.16921   0.18419   0.00376   0.01476   0.32338   0.23266   0.11821   0.04407   0.15563   0.00330   0.14161   0.07970   0.04100   0.04840   0.00015   0.00000   0.06212   0.15336   0.12234   0.00482   0.03580   1.14796   2.59610   1.66397   0.03056  
 54 4099.1793  51606.525581  x:  1.16136   0.14545   0.07663   0.07387   0.19802   0.01157   0.05610   0.05702   0.03262   0.01223   0.06080   0.16488   0.17834   0.19233   0.00000   0.01894   0.34209   0.24379   0.12787   0.04631   0.16286   0.01481   0.14665   0.08212   0.04045   0.04991   0.00021   0.00000   0.06135   0.15818   0.12610   0.00476   0.04438   1.16719   2.60252   1.66260   0.03020  
 55 3789.2353  51598.402384  x:  1.16963   0.14717   0.07558   0.07288   0.20143   0.00863   0.05404   0.05462   0.03322   0.02020   0.05954   0.16830   0.18056   0.19448   0.00086   0.01946   0.35011   0.24752   0.13027   0.04564   0.16516   0.01827   0.14774   0.08244   0.04240   0.04942   0.00023   0.00000   0.05983   0.15914   0.12656   0.00316   0.04891   1.17771   2.60684   1.66172   0.03034  
 56 2293.6759  51565.549984  x:  1.20868   0.14780   0.06338   0.06000   0.20981   0.01108   0.04467   0.04047   0.02173   0.01895   0.04589   0.17537   0.18375   0.19824   0.00011   0.01707   0.38125   0.25855   0.13375   0.03805   0.16950   0.01425   0.14758   0.08018   0.05523   0.04288   0.00026   0.00000   0.05232   0.15892   0.12427   0.00206   0.05703   1.22721   2.62807   1.65739   0.02979  
 57 2146.6294  51514.075707  x:  1.29060   0.13834   0.03226   0.02823   0.21462   0.01437   0.05444   0.05149   0.03843   0.01565   0.03601   0.17606   0.17899   0.19583   0.00063   0.01160   0.43202   0.27116   0.12980   0.03422   0.17118   0.01562   0.14191   0.07618   0.05195   0.03734   0.00024   0.00000   0.05033   0.15417   0.11856   0.00264   0.05570   1.32624   2.67559   1.64767   0.02870  
 58 2588.1943  51477.270719  x:  1.34680   0.12825   0.02273   0.02489   0.21274   0.01088   0.05202   0.05101   0.03196   0.01741   0.04585   0.16962   0.17094   0.18896   0.00000   0.02300   0.45675   0.27472   0.12266   0.03952   0.16718   0.01451   0.13741   0.07609   0.04774   0.04741   0.00025   0.00000   0.05801   0.15019   0.11612   0.00324   0.04920   1.39014   2.71027   1.64038   0.02839  
 59 2996.8436  51427.179511  x:  1.46291   0.10678   0.04215   0.05633   0.20226   0.01120   0.04993   0.04698   0.03314   0.01539   0.05292   0.14895   0.15182   0.17129   0.00092   0.01131   0.48683   0.27348   0.10552   0.04103   0.15401   0.01576   0.13215   0.07844   0.03678   0.04077   0.00024   0.00000   0.06476   0.14314   0.11363   0.00202   0.05778   1.51072   2.78710   1.62372   0.02840  
 60 3258.0151  51408.481719  x:  1.51503   0.10378   0.05494   0.06812   0.19515   0.01156   0.05711   0.05566   0.03588   0.01584   0.04632   0.14054   0.15070   0.16842   0.00043   0.01603   0.48619   0.26786   0.10310   0.03913   0.15047   0.01494   0.13536   0.08110   0.05435   0.04645   0.00024   0.00000   0.06290   0.14474   0.11716   0.00266   0.05399   1.55669   2.82487   1.61493   0.02824  
 61 2353.4742  51368.315794  x:  1.61008   0.11434   0.06615   0.06671   0.17858   0.01268   0.05449   0.05703   0.03274   0.01728   0.03986   0.13244   0.16654   0.17746   0.00000   0.02520   0.45205   0.24694   0.11185   0.03949   0.15386   0.01463   0.14725   0.08246   0.04443   0.03981   0.00023   0.00000   0.05543   0.15540   0.12860   0.00418   0.04392   1.61995   2.90177   1.59558   0.02839  
 62 1664.2644  51336.059472  x:  1.71723   0.12724   0.07041   0.05777   0.16615   0.01307   0.05137   0.05009   0.03558   0.01253   0.05367   0.13240   0.18173   0.18796   0.00135   0.01160   0.40362   0.22414   0.12186   0.04214   0.15940   0.01463   0.15329   0.08054   0.04868   0.05419   0.00021   0.00000   0.05240   0.16221   0.13349   0.00367   0.04909   1.68042   2.99226   1.57202   0.02899  
 63 4014.6745  51309.675541  x:  1.81014   0.13762   0.07038   0.05767   0.17963   0.01059   0.06415   0.05575   0.02197   0.01434   0.05572   0.15372   0.18360   0.19198   0.00129   0.01093   0.35512   0.21784   0.12777   0.04545   0.16221   0.01424   0.14246   0.07592   0.05248   0.04527   0.00022   0.00000   0.06609   0.15481   0.12024   0.00281   0.05343   1.71352   3.07635   1.54792   0.03011  
 64 1846.2033  51292.863453  x:  1.87758   0.14348   0.07066   0.06293   0.19732   0.01311   0.05611   0.04914   0.03325   0.01280   0.05151   0.17306   0.17929   0.19176   0.00137   0.01580   0.32397   0.22296   0.12927   0.04037   0.16307   0.01535   0.13447   0.07806   0.05277   0.04596   0.00018   0.00000   0.07063   0.14761   0.11001   0.00517   0.04030   1.72568   3.14053   1.52801   0.03007  
 65 2128.7997  51279.659178  x:  1.93511   0.14370   0.06723   0.06323   0.20970   0.01424   0.04875   0.05977   0.02654   0.01236   0.04653   0.18162   0.16929   0.18712   0.00172   0.01326   0.31204   0.23719   0.12425   0.03254   0.16129   0.01588   0.13817   0.08473   0.04602   0.05523   0.00017   0.00000   0.06234   0.14894   0.11589   0.00531   0.03998   1.71431   3.20102   1.50669   0.03097  
 66 1061.3400  51250.393996  x:  2.07524   0.14343   0.05890   0.05851   0.22647   0.01484   0.05876   0.04791   0.02462   0.00999   0.05006   0.18536   0.15069   0.17802   0.00251   0.01358   0.30983   0.27513   0.10908   0.04740   0.15740   0.01506   0.15474   0.08921   0.05134   0.04613   0.00013   0.00000   0.05378   0.16122   0.14133   0.00684   0.03082   1.66019   3.35440   1.44910   0.03246  
 67 1785.9029  51205.992406  x:  2.28515   0.15266   0.06136   0.06003   0.22232   0.01839   0.04577   0.05665   0.02125   0.00741   0.04814   0.16646   0.16949   0.18945   0.00330   0.01343   0.35065   0.30893   0.09379   0.04981   0.15801   0.01784   0.15116   0.05907   0.05545   0.04394   0.00006   0.00000   0.06384   0.16114   0.12889   0.00936   0.01746   1.55179   3.58671   1.35580   0.03503  
 68 1949.6225  51187.030658  x:  2.38187   0.15989   0.06039   0.06186   0.21661   0.01974   0.05831   0.04806   0.01704   0.00705   0.04363   0.15772   0.18215   0.19553   0.00362   0.01362   0.37596   0.31432   0.08982   0.04135   0.15957   0.01766   0.14653   0.07581   0.05007   0.05015   0.00004   0.00000   0.06843   0.15624   0.11478   0.01027   0.01242   1.49893   3.69159   1.31131   0.03621  
 69 3218.9001  51183.302175  x:  2.40283   0.16387   0.05588   0.06356   0.21534   0.01963   0.05282   0.05178   0.01753   0.00623   0.04635   0.16027   0.18219   0.19340   0.00373   0.01322   0.38459   0.30483   0.09170   0.04078   0.15876   0.01704   0.14451   0.08561   0.05371   0.04488   0.00003   0.00000   0.07238   0.15515   0.11681   0.01041   0.01169   1.48686   3.71014   1.30019   0.03642  
 70 625.5068  51179.348569  x:  2.42829   0.17082   0.04983   0.06947   0.21697   0.02091   0.05398   0.05009   0.01747   0.00621   0.04191   0.16995   0.17737   0.18650   0.00385   0.01269   0.39791   0.28227   0.09652   0.04032   0.15577   0.01768   0.14194   0.08170   0.05207   0.04778   0.00003   0.00000   0.07443   0.15499   0.12492   0.01065   0.01054   1.47243   3.72545   1.28443   0.03674  
 71 458.5506  51178.667328  x:  2.43437   0.17110   0.05032   0.06939   0.21847   0.02038   0.05474   0.05011   0.01712   0.00618   0.04456   0.17183   0.17572   0.18543   0.00386   0.01347   0.40027   0.27713   0.09641   0.03859   0.15584   0.01809   0.14412   0.08021   0.05227   0.04684   0.00002   0.00000   0.07084   0.15443   0.12304   0.01080   0.00948   1.46959   3.72562   1.27967   0.03679  
 72 211.9831  51177.829205  x:  2.44536   0.17018   0.05321   0.06726   0.22216   0.02062   0.05363   0.05066   0.01709   0.00608   0.04297   0.17310   0.17382   0.18546   0.00387   0.01322   0.40235   0.27112   0.09481   0.04353   0.15688   0.01750   0.14882   0.08084   0.05182   0.04768   0.00002   0.00000   0.06953   0.15457   0.11864   0.01082   0.00945   1.46563   3.72071   1.26958   0.03686  
 73 176.6788  51174.178190  x:  2.50780   0.16459   0.06422   0.05734   0.23782   0.02027   0.05337   0.04973   0.01696   0.00607   0.04378   0.16892   0.17367   0.19241   0.00388   0.01360   0.40312   0.26027   0.08542   0.03907   0.15593   0.01777   0.14414   0.08188   0.05145   0.04766   0.00002   0.00000   0.07454   0.16196   0.12317   0.01091   0.00883   1.44780   3.67555   1.20738   0.03711  
 74 195.6197  51156.147605  x:  2.82074   0.18212   0.05792   0.06064   0.25461   0.02023   0.05345   0.05032   0.01646   0.00599   0.04432   0.13809   0.17440   0.19241   0.00399   0.01332   0.39053   0.26154   0.08804   0.04564   0.14995   0.01841   0.13881   0.08165   0.05191   0.04725   0.00001   0.00000   0.06433   0.14300   0.12805   0.01110   0.00781   1.36486   3.43240   0.88946   0.03841  
 75 712.1732  51146.804678  x:  2.98717   0.18214   0.04931   0.06758   0.23809   0.02064   0.05393   0.04960   0.01701   0.00574   0.04355   0.14663   0.17518   0.18550   0.00406   0.01305   0.38309   0.26844   0.08061   0.03757   0.15569   0.01795   0.15032   0.07933   0.05235   0.04670   0.00001   0.00000   0.07516   0.15555   0.12083   0.01120   0.00734   1.32110   3.30160   0.71884   0.03896  
 76 1748.9480  51145.018029  x:  3.02008   0.18036   0.05468   0.06458   0.22658   0.02081   0.05365   0.04992   0.01662   0.00575   0.04366   0.15778   0.17518   0.18581   0.00406   0.01354   0.38294   0.27154   0.07814   0.04129   0.15354   0.01815   0.14384   0.08034   0.05213   0.04689   0.00001   0.00000   0.07019   0.15532   0.12134   0.01131   0.00659   1.31219   3.27599   0.68594   0.03911  
 77 481.5051  51144.890729  x:  3.02266   0.18034   0.05599   0.06341   0.22516   0.02084   0.05363   0.04977   0.01664   0.00576   0.04364   0.15891   0.17398   0.18718   0.00406   0.01359   0.38310   0.27196   0.07847   0.04040   0.15296   0.01815   0.14559   0.08017   0.05207   0.04693   0.00001   0.00000   0.07168   0.15245   0.12251   0.01130   0.00660   1.31140   3.27431   0.68489   0.03911  
 78 46.3522  51144.452339  x:  3.03386   0.17899   0.05556   0.06445   0.22277   0.02087   0.05362   0.04992   0.01658   0.00576   0.04353   0.15830   0.16673   0.19345   0.00404   0.01371   0.38338   0.27212   0.08211   0.04028   0.15651   0.01800   0.14422   0.08015   0.05213   0.04690   0.00001   0.00000   0.07165   0.15366   0.12203   0.01135   0.00635   1.30743   3.26986   0.69332   0.03916  
 79 15.9125  51142.340092  x:  3.08793   0.16635   0.05070   0.06797   0.22072   0.02105   0.05359   0.04989   0.01681   0.00611   0.04345   0.16071   0.16620   0.20281   0.00403   0.01328   0.38334   0.27259   0.09245   0.04088   0.14470   0.01869   0.14655   0.08055   0.05240   0.04660   0.00000   0.00000   0.07119   0.15708   0.11924   0.01147   0.00609   1.28845   3.24939   0.73977   0.03948  
 80 113.5307  51140.741644  x:  3.10987   0.16134   0.05084   0.06798   0.22021   0.02105   0.05357   0.04987   0.01679   0.00618   0.04345   0.16134   0.16777   0.20108   0.00404   0.01318   0.38337   0.27289   0.09598   0.04085   0.14635   0.01862   0.14663   0.08056   0.05243   0.04657   0.00000   0.00000   0.07133   0.15633   0.11974   0.01152   0.00587   1.28072   3.24126   0.75884   0.03960  
 81 589.6943  51140.741644  x:  3.10987   0.16134   0.05084   0.06798   0.22021   0.02105   0.05357   0.04987   0.01679   0.00618   0.04345   0.16134   0.16777   0.20108   0.00404   0.01318   0.38337   0.27289   0.09598   0.04085   0.14635   0.01862   0.14663   0.08056   0.05243   0.04657   0.00000   0.00000   0.07133   0.15633   0.11974   0.01152   0.00587   1.28072   3.24126   0.75884   0.03960  
 82 252.6441  51137.338704  x:  3.10987   0.16134   0.05084   0.06798   0.22021   0.02105   0.05357   0.04987   0.01679   0.00619   0.04345   0.16134   0.16777   0.20108   0.00404   0.01317   0.38337   0.27289   0.09598   0.04085   0.14635   0.01862   0.14663   0.08056   0.05243   0.04657   0.00032   0.00000   0.07133   0.15633   0.11974   0.01152   0.00587   1.28072   3.24126   0.75884   0.03960  
 83 233301.3154  51110.068323  x:  3.11013   0.16187   0.05122   0.06808   0.22050   0.02103   0.05383   0.05055   0.01808   0.01951   0.04435   0.16192   0.16850   0.20135   0.00189   0.00765   0.38440   0.27327   0.09656   0.04109   0.14740   0.01927   0.14692   0.08087   0.05192   0.04631   0.00032   0.00000   0.07131   0.15659   0.12003   0.00917   0.00482   1.28148   3.24120   0.75889   0.04023  
 84 4786.8258  51103.995863  x:  3.11055   0.16266   0.05180   0.06820   0.22094   0.02080   0.05423   0.05127   0.01758   0.02156   0.04556   0.16281   0.16963   0.20175   0.00788   0.00320   0.38600   0.27386   0.09744   0.04141   0.14897   0.02009   0.14735   0.08130   0.05122   0.04597   0.00032   0.00000   0.07125   0.15698   0.12046   0.00798   0.00591   1.28266   3.24111   0.75896   0.03915  
 85 2051.5918  51101.986676  x:  3.11081   0.16313   0.05213   0.06827   0.22121   0.02060   0.05445   0.05162   0.01715   0.02104   0.04619   0.16336   0.17029   0.20198   0.00786   0.00105   0.38698   0.27422   0.09797   0.04158   0.14988   0.02047   0.14759   0.08154   0.05086   0.04581   0.00032   0.00000   0.07122   0.15720   0.12070   0.00787   0.00611   1.28340   3.24105   0.75901   0.03967  
 86 1636.2606  51089.089927  x:  3.11502   0.17069   0.05728   0.06936   0.22559   0.01720   0.05761   0.05688   0.01300   0.02083   0.05582   0.17227   0.18075   0.20583   0.00754   0.00275   0.40284   0.27990   0.10643   0.04412   0.16422   0.02589   0.15140   0.08518   0.04554   0.04352   0.00032   0.00000   0.07051   0.16072   0.12454   0.00636   0.00528   1.29535   3.24015   0.75977   0.04102  
 87 1358.9423  51083.446170  x:  3.11701   0.17404   0.05946   0.06973   0.22755   0.01550   0.05872   0.05876   0.01296   0.02064   0.05954   0.17629   0.18545   0.20750   0.00620   0.00265   0.41017   0.28246   0.11019   0.04500   0.17042   0.02756   0.15301   0.08657   0.04381   0.04289   0.00032   0.00000   0.07006   0.16223   0.12617   0.00770   0.00612   1.30099   3.23975   0.76011   0.03746  
 88 6084.4646  51077.875979  x:  3.11997   0.17816   0.06169   0.06986   0.23016   0.01297   0.05874   0.05896   0.01941   0.02026   0.06164   0.18150   0.19135   0.20947   0.00672   0.00279   0.42047   0.28580   0.11488   0.04499   0.17702   0.02636   0.15460   0.08727   0.04488   0.04397   0.00032   0.00000   0.06897   0.16389   0.12779   0.01012   0.00669   1.30947   3.23920   0.76064   0.03845  
 89 2147.6823  51073.918828  x:  3.12221   0.18071   0.06274   0.06967   0.23192   0.01180   0.05803   0.05792   0.02159   0.01937   0.06168   0.18492   0.19512   0.21060   0.00669   0.00239   0.42783   0.28802   0.11782   0.04437   0.18055   0.02392   0.15534   0.08710   0.04686   0.04526   0.00032   0.00000   0.06801   0.16478   0.12854   0.00809   0.00420   1.31591   3.23882   0.76103   0.03719  
 90 2541.2058  51066.935122  x:  3.12750   0.18556   0.06394   0.06870   0.23566   0.01161   0.05553   0.05397   0.01923   0.01975   0.05952   0.19194   0.20252   0.21255   0.00605   0.00275   0.44428   0.29261   0.12356   0.04214   0.18610   0.01652   0.15624   0.08563   0.05205   0.04799   0.00032   0.00000   0.06575   0.16620   0.12943   0.00548   0.00777   1.33119   3.23803   0.76196   0.03670  
 91 2568.6590  51063.104612  x:  3.13103   0.18797   0.06389   0.06773   0.23781   0.01308   0.05413   0.05152   0.01607   0.02069   0.05731   0.19581   0.20640   0.21334   0.00677   0.00251   0.45452   0.29521   0.12652   0.04085   0.18816   0.01290   0.15643   0.08444   0.05416   0.04862   0.00032   0.00000   0.06476   0.16669   0.12952   0.00896   0.00581   1.34142   3.23757   0.76256   0.03674  
 92 2596.6439  51051.014059  x:  3.14678   0.19152   0.05637   0.06083   0.24408   0.02763   0.05325   0.04718   0.01833   0.02021   0.04261   0.20592   0.21423   0.21236   0.00666   0.00247   0.49358   0.30265   0.13222   0.03896   0.18447   0.01857   0.15438   0.07950   0.04999   0.04101   0.00032   0.00000   0.06594   0.16551   0.12624   0.00814   0.00589   1.38745   3.23618   0.76507   0.03574  
 93 1104.7484  51038.529075  x:  3.16717   0.18944   0.04303   0.05308   0.24864   0.02220   0.05743   0.05833   0.01652   0.02053   0.03564   0.21115   0.21540   0.20740   0.00680   0.00245   0.53577   0.30823   0.13248   0.03993   0.17113   0.02351   0.15117   0.07896   0.05065   0.04961   0.00032   0.00000   0.07098   0.16252   0.12200   0.00855   0.00603   1.44719   3.23524   0.76785   0.03489  
 94 1311.1824  51026.794385  x:  3.18978   0.18340   0.03076   0.04880   0.25202   0.02203   0.05687   0.05925   0.01755   0.02025   0.05270   0.21180   0.21148   0.20057   0.00677   0.00246   0.57580   0.31203   0.12868   0.03959   0.15498   0.01949   0.14854   0.08042   0.04944   0.04914   0.00032   0.00000   0.07480   0.15946   0.11915   0.00824   0.00611   1.51330   3.23492   0.77031   0.03397  
 95 1977.3809  51020.156967  x:  3.20320   0.17793   0.03100   0.05201   0.25268   0.01200   0.05393   0.05240   0.01674   0.02062   0.05405   0.20829   0.20606   0.19683   0.00690   0.00242   0.59316   0.31268   0.12421   0.03990   0.15122   0.02129   0.14926   0.08346   0.04804   0.04375   0.00032   0.00000   0.07549   0.15907   0.12040   0.00835   0.00619   1.55228   3.23547   0.77098   0.03366  
 96 1327.3766  51009.418144  x:  3.23121   0.16465   0.04463   0.06655   0.25182   0.01716   0.05757   0.04911   0.01658   0.02064   0.05418   0.19438   0.19111   0.19171   0.00683   0.00252   0.61575   0.31082   0.11237   0.04084   0.15656   0.02581   0.15353   0.08917   0.05401   0.04812   0.00032   0.00000   0.07315   0.16084   0.12693   0.00861   0.00619   1.63272   3.23826   0.77041   0.03269  
 97 1211.4748  51003.950022  x:  3.24663   0.15940   0.05001   0.07159   0.24965   0.01758   0.05764   0.05662   0.01741   0.02040   0.05118   0.18562   0.18548   0.19294   0.00685   0.00249   0.62044   0.30812   0.10760   0.04044   0.16257   0.01753   0.15427   0.08598   0.04828   0.04509   0.00032   0.00000   0.07005   0.16197   0.12888   0.00824   0.00614   1.67615   3.24087   0.76857   0.03234  
 98 1173.8714  50995.976873  x:  3.27453   0.15980   0.04595   0.06698   0.24193   0.01744   0.04842   0.05604   0.01727   0.02037   0.05342   0.17179   0.18690   0.20682   0.00677   0.00252   0.60690   0.29982   0.10806   0.04584   0.17614   0.02084   0.15243   0.07610   0.04758   0.04908   0.00032   0.00000   0.06868   0.16305   0.12506   0.00840   0.00615   1.75175   3.24889   0.76013   0.03188  
 99 661.0943  50988.615360  x:  3.30375   0.16528   0.04163   0.06148   0.23546   0.01587   0.06180   0.05187   0.01714   0.02048   0.05345   0.16406   0.19214   0.22101   0.00673   0.00250   0.58429   0.29217   0.11309   0.04519   0.18165   0.01907   0.15194   0.07800   0.05202   0.04456   0.00032   0.00000   0.06767   0.16367   0.12128   0.00846   0.00615   1.82893   3.25898   0.74812   0.03132  
100 1274.7097  50979.441726  x:  3.34291   0.17808   0.04615   0.06268   0.23385   0.01860   0.05499   0.05389   0.01748   0.02036   0.05088   0.17113   0.20033   0.23081   0.00671   0.00246   0.54443   0.28778   0.12438   0.03755   0.17207   0.01787   0.15415   0.09527   0.04792   0.04711   0.00032   0.00000   0.07029   0.16452   0.12314   0.00839   0.00610   1.92800   3.27554   0.72552   0.03039  
101 1007.6537  50973.653583  x:  3.36944   0.18577   0.05345   0.06797   0.23884   0.01737   0.05557   0.05599   0.01726   0.02040   0.05235   0.18727   0.20271   0.22546   0.00673   0.00247   0.51522   0.29072   0.13019   0.04186   0.16398   0.01931   0.15287   0.08312   0.05221   0.04397   0.00032   0.00000   0.07440   0.16440   0.12842   0.00852   0.00611   1.99003   3.29000   0.70272   0.02970  
102 764.8793  50971.268472  x:  3.38144   0.18645   0.05275   0.06704   0.24221   0.01638   0.05852   0.05252   0.01733   0.02046   0.05311   0.19611   0.20197   0.21757   0.00678   0.00245   0.50349   0.29416   0.12947   0.03947   0.16643   0.01994   0.15320   0.07928   0.04695   0.04848   0.00032   0.00000   0.07008   0.16314   0.12729   0.00848   0.00610   2.01420   3.29895   0.68664   0.02962  
103 510.8266  50968.054573  x:  3.39948   0.18471   0.04723   0.06118   0.24685   0.01674   0.05614   0.05522   0.01733   0.02043   0.05271   0.20744   0.20048   0.20335   0.00683   0.00247   0.48947   0.30087   0.12491   0.04007   0.17609   0.01986   0.15503   0.08290   0.05110   0.04505   0.00032   0.00000   0.06530   0.16192   0.12380   0.00857   0.00607   2.04545   3.31550   0.65472   0.02957  
104 564.2279  50965.539790  x:  3.41557   0.18333   0.04546   0.05744   0.24879   0.01792   0.05693   0.05261   0.01760   0.02043   0.05098   0.21023   0.20272   0.19818   0.00685   0.00246   0.48377   0.30711   0.12020   0.04742   0.18043   0.01557   0.15447   0.08648   0.04866   0.04655   0.00032   0.00000   0.07259   0.16478   0.12505   0.00838   0.00610   2.06737   3.33360   0.61672   0.02951  
105 424.6474  50949.162501  x:  3.50166   0.18092   0.04924   0.05143   0.25258   0.01705   0.05698   0.05353   0.01744   0.02041   0.05217   0.20585   0.22225   0.19711   0.00675   0.00253   0.47222   0.33599   0.09815   0.03549   0.18098   0.01779   0.14843   0.08473   0.04985   0.04579   0.00032   0.00000   0.08014   0.17603   0.12651   0.00853   0.00602   2.17094   3.43775   0.39012   0.02940  
106 882.1891  50946.000473  x:  3.52210   0.18644   0.04903   0.05492   0.25233   0.01738   0.05701   0.05332   0.01751   0.02039   0.05175   0.20456   0.22111   0.19790   0.00676   0.00252   0.47239   0.33739   0.09931   0.04232   0.17882   0.01688   0.15235   0.08557   0.04929   0.04608   0.00032   0.00000   0.07475   0.17022   0.12315   0.00848   0.00604   2.19344   3.46288   0.33556   0.02936  
107 918.4066  50945.483966  x:  3.52798   0.18993   0.04639   0.05440   0.25124   0.01747   0.05697   0.05327   0.01751   0.02040   0.05162   0.20595   0.21591   0.19720   0.00678   0.00250   0.47382   0.33204   0.10179   0.04010   0.18058   0.01701   0.15154   0.08528   0.04941   0.04606   0.00032   0.00000   0.07620   0.17020   0.12851   0.00849   0.00603   2.19613   3.47079   0.32697   0.02941  
108 109.6743  50945.128330  x:  3.53658   0.19115   0.04887   0.05436   0.25089   0.01725   0.05698   0.05324   0.01751   0.02041   0.05196   0.20982   0.21313   0.19754   0.00680   0.00248   0.47573   0.32502   0.10167   0.03889   0.18176   0.01687   0.14991   0.08534   0.04948   0.04597   0.00032   0.00000   0.07900   0.17175   0.12392   0.00848   0.00604   2.19607   3.48287   0.32502   0.02945  
109 62.9469  50944.375378  x:  3.56202   0.18993   0.05017   0.05190   0.25071   0.01732   0.05703   0.05318   0.01750   0.02040   0.05188   0.21593   0.21549   0.19992   0.00681   0.00246   0.47882   0.31395   0.09677   0.04132   0.17960   0.01694   0.15304   0.08516   0.04937   0.04606   0.00032   0.00000   0.07533   0.17442   0.12618   0.00849   0.00601   2.19316   3.51837   0.32823   0.02962  
110 100.6461  50942.360198  x:  3.64064   0.19641   0.04764   0.05942   0.25238   0.01747   0.05701   0.05325   0.01753   0.02037   0.05174   0.21386   0.22138   0.19797   0.00679   0.00246   0.48443   0.30886   0.09347   0.04154   0.18120   0.01685   0.14738   0.08637   0.04936   0.04604   0.00032   0.00000   0.07559   0.16338   0.12864   0.00845   0.00602   2.18190   3.62473   0.34637   0.02998  
111 215.9307  50940.839613  x:  3.70355   0.20618   0.04719   0.05860   0.25282   0.01752   0.05688   0.05341   0.01751   0.02035   0.05172   0.20700   0.21620   0.19537   0.00679   0.00247   0.48808   0.31442   0.09692   0.04065   0.17949   0.01688   0.15574   0.08435   0.04936   0.04606   0.00032   0.00000   0.07662   0.16788   0.12633   0.00847   0.00600   2.17228   3.70577   0.36155   0.03021  
112 469.3740  50940.544998  x:  3.71799   0.20711   0.04766   0.05752   0.25314   0.01751   0.05690   0.05337   0.01751   0.02035   0.05173   0.20784   0.21128   0.19897   0.00680   0.00245   0.48853   0.31847   0.09773   0.04227   0.17882   0.01696   0.15192   0.08539   0.04932   0.04605   0.00032   0.00000   0.07382   0.16998   0.12655   0.00849   0.00598   2.16966   3.71953   0.36432   0.03024  
113 126.2758  50940.377191  x:  3.72979   0.20528   0.04673   0.05799   0.25316   0.01750   0.05694   0.05337   0.01751   0.02035   0.05172   0.21049   0.20772   0.20405   0.00682   0.00241   0.48844   0.32149   0.09734   0.04161   0.17931   0.01684   0.15368   0.08516   0.04937   0.04602   0.00032   0.00000   0.07514   0.16800   0.12664   0.00848   0.00598   2.16706   3.72448   0.36542   0.03025  
114 60.0596  50937.177828  x:  4.07133   0.16503   0.04269   0.06790   0.22188   0.01815   0.05706   0.05335   0.01744   0.02032   0.05142   0.21883   0.20805   0.20175   0.00682   0.00241   0.48564   0.32328   0.13717   0.04210   0.17855   0.01680   0.15365   0.08478   0.04944   0.04602   0.00032   0.00000   0.07396   0.17171   0.12548   0.00849   0.00594   2.08239   3.70939   0.36525   0.03117  
115 39.9697  50930.819469  x:  4.76067   0.09316   0.05812   0.05105   0.22909   0.01738   0.05675   0.05327   0.01737   0.02024   0.05245   0.21139   0.20310   0.20122   0.00676   0.00245   0.47748   0.31188   0.21310   0.04193   0.17637   0.01695   0.15388   0.08455   0.04940   0.04581   0.00032   0.00000   0.07465   0.15685   0.12871   0.00840   0.00598   1.91106   3.67107   0.36320   0.03296  
116 1081.2011  50927.207424  x:  5.16132   0.05807   0.04812   0.06194   0.25278   0.01751   0.05666   0.05352   0.01738   0.02018   0.05179   0.20548   0.20106   0.20540   0.00675   0.00241   0.47108   0.30088   0.24910   0.04244   0.17577   0.01716   0.15433   0.08470   0.04944   0.04581   0.00032   0.00000   0.07342   0.16510   0.12660   0.00842   0.00593   1.81133   3.64616   0.36167   0.03379  
117 1862.5973  50915.274833  x:  6.59469   0.18710   0.04815   0.06455   0.24991   0.01754   0.05636   0.05367   0.01723   0.02003   0.05191   0.20086   0.19074   0.20752   0.00671   0.00239   0.45798   0.28416   0.13161   0.04450   0.17303   0.01773   0.15543   0.08428   0.04933   0.04576   0.00032   0.00000   0.07051   0.16229   0.12620   0.00835   0.00589   1.45862   3.50318   0.36422   0.03712  
118 271.6508  50887.731738  x:  9.06203   0.17871   0.05375   0.06830   0.25254   0.01540   0.05563   0.05457   0.01660   0.01810   0.05475   0.18808   0.21454   0.20881   0.00544   0.00235   0.58537   0.33070   0.10607   0.03621   0.16782   0.02231   0.15452   0.08323   0.04963   0.04408   0.00032   0.00000   0.06956   0.16558   0.12793   0.00837   0.00522   1.27473   3.71980   0.26170   0.03733  
119  1.7905  50868.176176  x: 10.57325   0.16028   0.04792   0.06930   0.25289   0.01594   0.05559   0.05425   0.01702   0.01772   0.05427   0.20152   0.20470   0.21120   0.00551   0.00265   0.62418   0.30847   0.14806   0.04285   0.17488   0.02071   0.15704   0.08448   0.04881   0.04518   0.00032   0.00000   0.06844   0.16234   0.12739   0.00833   0.00552   1.28056   3.68907   0.15878   0.03225  
120  1.0263  50853.557148  x: 14.39840   0.15735   0.04458   0.06765   0.25034   0.01683   0.05577   0.05416   0.01718   0.01784   0.05333   0.20474   0.19666   0.21484   0.00613   0.00284   0.59738   0.28985   0.16771   0.04408   0.17721   0.01920   0.15648   0.08389   0.04890   0.04581   0.00032   0.00000   0.07079   0.16220   0.12645   0.00829   0.00579   0.71632   3.64893   0.08190   0.03312  
121  3.2881  50845.806398  x: 15.80365   0.16175   0.04500   0.06637   0.25268   0.01690   0.05599   0.05434   0.01709   0.01781   0.05325   0.20533   0.20341   0.21573   0.00639   0.00278   0.58039   0.29950   0.16195   0.04196   0.17709   0.01904   0.15552   0.08357   0.04921   0.04570   0.00032   0.00000   0.07261   0.16498   0.12649   0.00830   0.00575   0.64672   3.68891   0.00010   0.03241  
122  3.3810  50845.484201  x: 16.20463   0.16287   0.04511   0.06603   0.25328   0.01691   0.05604   0.05438   0.01706   0.01780   0.05322   0.20549   0.20516   0.21593   0.00645   0.00276   0.57591   0.30200   0.16045   0.04142   0.17706   0.01899   0.15527   0.08349   0.04929   0.04567   0.00032   0.00000   0.07307   0.16569   0.12650   0.00831   0.00574   0.62542   3.69919   0.00010   0.03222  
123 260.1798  50844.158336  x: 16.36810   0.17654   0.04833   0.06542   0.25496   0.01616   0.05623   0.05404   0.01697   0.01778   0.05371   0.20603   0.20684   0.20907   0.00609   0.00233   0.57415   0.31604   0.13270   0.04148   0.17553   0.01976   0.15663   0.08478   0.04899   0.04516   0.00032   0.00000   0.06990   0.16450   0.12796   0.00837   0.00556   0.72904   3.70610   0.00010   0.03158  
124  0.1395  50843.890852  x: 16.50064   0.18376   0.04801   0.06566   0.25701   0.01641   0.05621   0.05442   0.01697   0.01812   0.05383   0.20369   0.20905   0.21160   0.00619   0.00236   0.57189   0.31503   0.12774   0.04035   0.17546   0.01965   0.15602   0.08416   0.04938   0.04518   0.00032   0.00000   0.07212   0.16624   0.12749   0.00836   0.00556   0.80040   3.72778   0.00010   0.03119  
125  0.0802  50843.862321  x: 16.47284   0.18311   0.04760   0.06588   0.25679   0.01638   0.05630   0.05436   0.01696   0.01818   0.05373   0.20492   0.20986   0.21240   0.00621   0.00240   0.56981   0.31701   0.13012   0.04055   0.17538   0.01954   0.15590   0.08414   0.04929   0.04522   0.00032   0.00000   0.07148   0.16623   0.12753   0.00835   0.00557   0.81864   3.73003   0.00010   0.03121  
126  0.0221  50843.842649  x: 16.47613   0.18092   0.04801   0.06538   0.25662   0.01627   0.05628   0.05435   0.01695   0.01808   0.05373   0.20598   0.21007   0.21152   0.00616   0.00238   0.56940   0.31769   0.13288   0.04007   0.17579   0.01967   0.15610   0.08424   0.04937   0.04520   0.00032   0.00000   0.07218   0.16645   0.12777   0.00837   0.00555   0.84491   3.72560   0.00010   0.03115  
127  0.0054  50843.650847  x: 16.47535   0.17600   0.04849   0.06484   0.25764   0.01650   0.05618   0.05441   0.01696   0.01787   0.05358   0.20517   0.21053   0.21099   0.00622   0.00240   0.56979   0.31721   0.13835   0.04014   0.17546   0.01965   0.15642   0.08419   0.04944   0.04509   0.00031   0.00000   0.07174   0.16638   0.12761   0.00836   0.00554   0.97761   3.73132   0.00010   0.03119  
128  0.0166  50842.772691  x: 16.43139   0.15034   0.04965   0.06372   0.26129   0.01727   0.05604   0.05462   0.01699   0.01658   0.05313   0.20153   0.21090   0.21072   0.00665   0.00241   0.57373   0.31436   0.16290   0.04114   0.17424   0.01948   0.15709   0.08394   0.04952   0.04504   0.00026   0.00000   0.06976   0.16568   0.12685   0.00833   0.00563   2.40761   3.75064   0.00010   0.03140  
129  0.5814  50841.639980  x: 16.43327   0.18696   0.04655   0.06743   0.25459   0.01597   0.05632   0.05412   0.01690   0.01805   0.05396   0.20693   0.20896   0.21352   0.00651   0.00219   0.56793   0.31839   0.12532   0.03980   0.17605   0.01962   0.15531   0.08423   0.04923   0.04515   0.00020   0.00000   0.07308   0.16670   0.12803   0.00847   0.00554   3.79929   3.72917   0.00010   0.03118  
130  0.3389  50841.158494  x: 16.30760   0.18432   0.04757   0.06631   0.25582   0.01634   0.05628   0.05442   0.01701   0.01798   0.05384   0.20384   0.20767   0.21188   0.00616   0.00236   0.57331   0.31327   0.12889   0.04126   0.17523   0.01961   0.15620   0.08423   0.04921   0.04536   0.00014   0.00000   0.07081   0.16535   0.12742   0.00834   0.00567   5.50477   3.72129   0.00010   0.03156  
131  0.7388  50841.045003  x: 16.38990   0.18223   0.04781   0.06550   0.25687   0.01643   0.05621   0.05428   0.01695   0.01824   0.05365   0.20524   0.20923   0.21177   0.00615   0.00244   0.57122   0.31602   0.13160   0.04043   0.17551   0.01958   0.15610   0.08415   0.04932   0.04510   0.00012   0.00000   0.07161   0.16604   0.12757   0.00835   0.00550   6.38148   3.73340   0.00010   0.03136  
132  0.4331  50840.764309  x: 16.43180   0.17085   0.04758   0.06633   0.25621   0.01611   0.05639   0.05463   0.01698   0.01828   0.05389   0.20435   0.20908   0.21263   0.00604   0.00243   0.57273   0.31592   0.14069   0.04085   0.17546   0.01980   0.15602   0.08437   0.04919   0.04561   0.00015   0.00000   0.07167   0.16592   0.12767   0.00838   0.00579   7.70993   3.73282   0.00010   0.03130  
133  0.1661  50840.314696  x: 16.31631   0.16099   0.04675   0.06757   0.25517   0.01638   0.05620   0.05414   0.01699   0.01850   0.05381   0.20407   0.20753   0.21300   0.00616   0.00232   0.57454   0.31463   0.14814   0.04107   0.17539   0.01935   0.15581   0.08401   0.04920   0.04504   0.00027   0.00000   0.07115   0.16569   0.12749   0.00840   0.00544  13.02545   3.72944   0.00010   0.03149  
134  1.5022  50840.168172  x: 16.34388   0.17970   0.04775   0.06590   0.25664   0.01629   0.05628   0.05443   0.01696   0.01839   0.05382   0.20483   0.20905   0.21177   0.00607   0.00243   0.57096   0.31552   0.13400   0.04057   0.17543   0.01973   0.15614   0.08431   0.04928   0.04534   0.00030   0.00000   0.07157   0.16596   0.12755   0.00833   0.00564  14.33168   3.73392   0.00010   0.03141  
135  0.7522  50840.142128  x: 16.33649   0.18238   0.04775   0.06572   0.25653   0.01642   0.05623   0.05432   0.01697   0.01813   0.05368   0.20487   0.20849   0.21185   0.00618   0.00241   0.57257   0.31489   0.13119   0.04078   0.17548   0.01954   0.15616   0.08414   0.04928   0.04514   0.00033   0.00000   0.07133   0.16573   0.12757   0.00835   0.00552  15.81402   3.73181   0.00010   0.03144  
136  0.7274  50840.130916  x: 16.32573   0.18033   0.04752   0.06609   0.25630   0.01633   0.05624   0.05432   0.01696   0.01808   0.05376   0.20483   0.20884   0.21216   0.00617   0.00239   0.57213   0.31553   0.13290   0.04061   0.17542   0.01965   0.15603   0.08423   0.04926   0.04525   0.00035   0.00000   0.07150   0.16593   0.12752   0.00837   0.00560  17.50571   3.73441   0.00010   0.03143  
137  0.5769  50840.121167  x: 16.33604   0.17972   0.04773   0.06588   0.25646   0.01638   0.05626   0.05440   0.01698   0.01819   0.05373   0.20473   0.20846   0.21176   0.00617   0.00241   0.57215   0.31482   0.13354   0.04084   0.17546   0.01954   0.15619   0.08415   0.04929   0.04521   0.00035   0.00000   0.07134   0.16571   0.12762   0.00835   0.00556  19.74675   3.72958   0.00010   0.03140  
138  0.5411  50840.110256  x: 16.29438   0.18034   0.04770   0.06587   0.25654   0.01637   0.05623   0.05431   0.01696   0.01826   0.05376   0.20480   0.20876   0.21205   0.00612   0.00242   0.57179   0.31533   0.13290   0.04063   0.17545   0.01966   0.15606   0.08424   0.04926   0.04520   0.00033   0.00000   0.07150   0.16589   0.12749   0.00834   0.00557  22.81263   3.73468   0.00010   0.03148  
139  0.8888  50840.103948  x: 16.30934   0.18047   0.04760   0.06595   0.25642   0.01636   0.05625   0.05434   0.01697   0.01817   0.05373   0.20489   0.20867   0.21197   0.00616   0.00241   0.57244   0.31522   0.13298   0.04072   0.17545   0.01958   0.15614   0.08419   0.04928   0.04522   0.00031   0.00000   0.07136   0.16582   0.12759   0.00836   0.00556  25.69259   3.73312   0.00010   0.03141  
140  1.1471  50840.103044  x: 16.29708   0.18059   0.04765   0.06595   0.25642   0.01636   0.05624   0.05434   0.01697   0.01813   0.05374   0.20481   0.20869   0.21199   0.00617   0.00240   0.57222   0.31523   0.13271   0.04070   0.17545   0.01961   0.15610   0.08419   0.04927   0.04521   0.00031   0.00000   0.07146   0.16584   0.12755   0.00836   0.00557  27.09184   3.73353   0.00010   0.03143  
141  0.8746  50840.102614  x: 16.28572   0.18053   0.04763   0.06597   0.25642   0.01636   0.05625   0.05433   0.01697   0.01813   0.05375   0.20480   0.20866   0.21200   0.00617   0.00240   0.57189   0.31521   0.13277   0.04070   0.17543   0.01961   0.15610   0.08421   0.04927   0.04522   0.00031   0.00000   0.07141   0.16584   0.12756   0.00836   0.00558  29.16892   3.73209   0.00010   0.03143  
142  0.6175  50840.102446  x: 16.28622   0.18050   0.04764   0.06595   0.25644   0.01636   0.05625   0.05434   0.01697   0.01814   0.05374   0.20482   0.20866   0.21199   0.00617   0.00240   0.57209   0.31520   0.13282   0.04070   0.17545   0.01960   0.15611   0.08419   0.04928   0.04521   0.00031   0.00000   0.07143   0.16583   0.12756   0.00836   0.00557  30.15700   3.73340   0.00010   0.03143  
143  0.5263  50840.102423  x: 16.28381   0.18051   0.04764   0.06595   0.25642   0.01636   0.05624   0.05434   0.01697   0.01814   0.05374   0.20482   0.20868   0.21198   0.00617   0.00240   0.57214   0.31521   0.13280   0.04070   0.17545   0.01960   0.15610   0.08420   0.04927   0.04521   0.00031   0.00000   0.07143   0.16583   0.12756   0.00836   0.00557  30.59612   3.73301   0.00010   0.03143  
144  0.3227  50840.102422  x: 16.28369   0.18052   0.04764   0.06595   0.25643   0.01636   0.05625   0.05434   0.01697   0.01814   0.05374   0.20482   0.20867   0.21199   0.00617   0.00240   0.57214   0.31521   0.13280   0.04070   0.17545   0.01960   0.15610   0.08420   0.04927   0.04522   0.00031   0.00000   0.07143   0.16583   0.12756   0.00836   0.00557  30.71870   3.73308   0.00010   0.03143  
145  0.0766  50840.102422  x: 16.28367   0.18052   0.04764   0.06595   0.25643   0.01636   0.05625   0.05434   0.01697   0.01814   0.05374   0.20482   0.20867   0.21199   0.00617   0.00240   0.57214   0.31522   0.13280   0.04070   0.17545   0.01960   0.15610   0.08420   0.04927   0.04522   0.00031   0.00000   0.07143   0.16583   0.12756   0.00836   0.00557  30.72636   3.73308   0.00010   0.03143  
146  0.2511  50840.102422  x: 16.28367   0.18052   0.04764   0.06595   0.25643   0.01636   0.05625   0.05434   0.01697   0.01814   0.05374   0.20482   0.20867   0.21199   0.00617   0.00240   0.57214   0.31522   0.13280   0.04070   0.17545   0.01960   0.15610   0.08420   0.04927   0.04522   0.00031   0.00000   0.07143   0.16583   0.12756   0.00836   0.00557  30.72636   3.73308   0.00010   0.03143  
147  0.2676  50840.102422  x: 16.28367   0.18052   0.04764   0.06595   0.25643   0.01636   0.05625   0.05434   0.01697   0.01814   0.05374   0.20482   0.20867   0.21199   0.00617   0.00240   0.57214   0.31522   0.13280   0.04070   0.17545   0.01960   0.15610   0.08420   0.04927   0.04522   0.00031   0.00000   0.07143   0.16583   0.12756   0.00836   0.00557  30.72636   3.73308   0.00010   0.03143  
check convergence!
