

TREE # 1

  0  0.0000 3042556.261307  x:  0.03586   0.01520   0.01317   0.08223   0.07284   0.05048   0.08106   0.10551   0.02408   0.05376   0.09490   0.10092   0.09663   0.10374   0.03458   0.08620   0.07457   0.06778   0.03137   0.10310   0.03655   0.02509   0.08850   0.10869   0.02744   0.07580   0.07390   0.03606   0.03896   0.04670   0.02731   2.10380   1.75042   2.15834  
  1 99.0000 2675901.136289  x:  0.16354   0.01978   0.00809   0.08045   0.07162   0.02106   0.05169   0.08670   0.03255   0.02464   0.06584   0.08307   0.08777   0.07452   0.00531   0.10922   0.07895   0.06128   0.07012   0.10970   0.04608   0.09550   0.07876   0.08111   0.00000   0.07228   0.08418   0.11044   0.22151   0.30302   0.44352   2.11055   1.74232   2.14723  
  2 2897518.4318 2668920.841016  x:  0.16489   0.01882   0.00906   0.08025   0.07154   0.01554   0.04616   0.08351   0.03261   0.01916   0.06036   0.08010   0.08634   0.06903   0.00000   0.10965   0.07868   0.05988   0.07074   0.11027   0.04618   0.09547   0.07725   0.07596   0.00000   0.07168   0.08459   0.11201   0.22225   0.30430   0.44177   2.11185   1.74077   2.14516  
  3 454887.4996 2652492.048749  x:  0.16799   0.01882   0.00411   0.07983   0.07139   0.00000   0.03051   0.07567   0.03305   0.00376   0.04487   0.07314   0.08367   0.05382   0.00000   0.11046   0.07794   0.05702   0.07169   0.11138   0.04644   0.09548   0.07412   0.06153   0.00000   0.07065   0.08533   0.11506   0.22410   0.30761   0.43739   2.11544   1.73641   2.13936  
  4 9267309.2635 2649247.830754  x:  0.16836   0.02022   0.00427   0.07986   0.07147   0.00000   0.02649   0.07446   0.03328   0.00000   0.04089   0.07225   0.08377   0.05007   0.00000   0.11042   0.07777   0.05693   0.07152   0.11137   0.04650   0.09555   0.07398   0.05789   0.00000   0.07078   0.08527   0.11507   0.22446   0.30832   0.43669   2.11630   1.73529   2.13789  
  5 4018042.2234 2631724.574104  x:  0.17084   0.02836   0.00472   0.08001   0.07193   0.00000   0.00000   0.06650   0.03477   0.00042   0.01469   0.06635   0.08422   0.02527   0.00000   0.11017   0.07670   0.05627   0.07048   0.11138   0.04689   0.09598   0.07300   0.03390   0.00000   0.07149   0.08495   0.11525   0.22684   0.31301   0.43203   2.12203   1.72797   2.12820  
  6 1869027.1929 2631724.574104  x:  0.17084   0.02836   0.00472   0.08001   0.07193   0.00000   0.00000   0.06650   0.03477   0.00042   0.01469   0.06635   0.08422   0.02527   0.00000   0.11017   0.07670   0.05627   0.07048   0.11138   0.04689   0.09598   0.07300   0.03390   0.00000   0.07149   0.08495   0.11525   0.22684   0.31301   0.43203   2.12203   1.72797   2.12820  
  7 2080692.9842 2631724.574104  x:  0.17084   0.02836   0.00472   0.08001   0.07193   0.00000   0.00000   0.06650   0.03477   0.00042   0.01469   0.06635   0.08422   0.02527   0.00000   0.11017   0.07670   0.05627   0.07048   0.11138   0.04689   0.09598   0.07300   0.03390   0.00000   0.07149   0.08495   0.11525   0.22684   0.31301   0.43203   2.12203   1.72797   2.12820  
check convergence!
